83 0.163773 0.722679 0.0551321 0.0803748
47 0.214482 0.844283 0.0590005 0.0811038
55 0.372474 0.187971 0.0565391 0.0713133
40 0.268662 0.487887 0.0590996 0.0749293
53 0.674221 0.563619 0.0577198 0.0768271
55 0.46969 0.643178 0.0580097 0.0766555
55 0.827681 0.443933 0.0591511 0.0745225
49 0.925123 0.370274 0.0626875 0.0770551
49 0.168922 0.568326 0.058942 0.0777841
46 0.229676 0.153799 0.0604059 0.0727286
55 0.776027 0.485466 0.0594454 0.0769049
50 0.264474 0.803613 0.057675 0.077983
7 0.523266 0.763165 0.061998 0.079636
40 0.624118 0.524855 0.0589124 0.0746106
47 0.421475 0.603179 0.0585703 0.0787172
12 0.216032 0.682039 0.0565293 0.0798465
54 0.129986 0.229208 0.0585351 0.0736386
53 0.870159 0.254724 0.0593895 0.0741508
55 0.875809 0.407542 0.0567419 0.0753796
55 0.274441 0.261889 0.0519973 0.0720086
10 0.0712555 0.491007 0.058697 0.0755504
53 0.274794 0.26229 0.053109 0.0733541
49 0.370842 0.339526 0.0582327 0.0730428
85 0.369922 0.412857 0.0577349 0.0729914
55 0.171133 0.489323 0.0562318 0.0740988
51 0.371405 0.339564 0.0576859 0.0730949
48 0.922516 0.288926 0.0611862 0.072789
2 0.0709789 0.490115 0.058364 0.0747508
48 0.521177 0.681452 0.0604429 0.0779895
48 0.131556 0.151479 0.0580157 0.0682098
72 0.369504 0.488302 0.0567056 0.0729047
52 0.520857 0.682358 0.0601954 0.0770304
23 0.21826 0.526227 0.0574748 0.0757106
53 0.172291 0.489402 0.0561669 0.0730928
0 0.116141 0.686638 0.0601684 0.0801638
4 0.624121 0.682761 0.0570145 0.0795038
61 0.225688 0.298951 0.0568233 0.0738611
69 0.322004 0.30135 0.0576756 0.0758814
51 0.323349 0.225039 0.05646 0.0714467
18 0.116466 0.687847 0.0595979 0.0796734
21 0.215201 0.681184 0.0580553 0.0802037
