1 0.207433 0.826338 0.0289818 0.0455261 0.981412
1 0.360823 0.621127 0.0280138 0.0410814 0.970974
1 0.430721 0.417705 0.0294761 0.0428767 0.947973
1 0.369024 0.260423 0.0275371 0.041908 0.933075
1 0.435668 0.206128 0.0266678 0.0405408 0.93098
2 0.232938 0.718007 0.0302814 0.0433012 0.92178
2 0.796004 0.202651 0.0324094 0.0440728 0.892501
3 0.195827 0.236534 0.0306121 0.0441634 0.870564
2 0.795597 0.662812 0.0283787 0.0404493 0.8417
2 0.645853 0.398154 0.0278273 0.0397085 0.839131
2 0.691172 0.599543 0.0294092 0.0396963 0.824602
2 0.619314 0.722849 0.0271799 0.0404451 0.824162
3 0.113446 0.117789 0.0314248 0.0443172 0.80547
3 0.352242 0.34618 0.0297987 0.0418208 0.681703
3 0.181451 0.49509 0.0295659 0.0413057 0.64078
