0 0.729668 0.845685 0.0634398 0.0834619 0.928359
0 0.522739 0.844782 0.0643984 0.0840399 0.92718
0 0.883707 0.723294 0.0639603 0.0821914 0.926575
0 0.418469 0.845163 0.0633472 0.0836492 0.925733
0 0.0613787 0.802841 0.0633622 0.0813918 0.924917
0 0.315833 0.844741 0.0628692 0.0820428 0.9248
0 0.064084 0.722989 0.0620232 0.0794656 0.924716
0 0.929495 0.524067 0.0626665 0.0801447 0.922807
0 0.625909 0.845419 0.0644658 0.0838879 0.922629
0 0.764776 0.110686 0.0612242 0.0758621 0.921963
0 0.0588796 0.88431 0.0643672 0.0846819 0.921767
0 0.939955 0.845957 0.0646707 0.0831479 0.921461
0 0.5744 0.885919 0.0645905 0.0830615 0.920956
0 0.863824 0.10929 0.0599548 0.0740098 0.920906
0 0.887257 0.884178 0.0645189 0.0860036 0.920203
0 0.937397 0.76441 0.0648178 0.0844111 0.919847
0 0.470964 0.885646 0.0644859 0.0830711 0.91978
0 0.0788857 0.33945 0.060894 0.0752379 0.919731
0 0.0866537 0.120955 0.0581961 0.0735569 0.91961
0 0.067339 0.644438 0.0618939 0.079755 0.919156
0 0.865583 0.182928 0.059486 0.0743037 0.91831
0 0.782987 0.885199 0.0648848 0.0850775 0.918086
0 0.678271 0.885585 0.0639214 0.0839417 0.917969
0 0.112059 0.844467 0.063122 0.0832418 0.917939
0 0.279338 0.118658 0.0581261 0.0741158 0.91775
0 0.264285 0.884602 0.0633556 0.0845343 0.917687
0 0.47088 0.566119 0.0622093 0.0809411 0.917602
0 0.0840257 0.193903 0.0586365 0.0738164 0.91738
0 0.726817 0.683591 0.0627491 0.0816351 0.917206
0 0.167196 0.644395 0.060724 0.081773 0.917046
0 0.915323 0.145409 0.0628036 0.0759776 0.916804
0 0.676107 0.723309 0.0628634 0.0817671 0.915934
0 0.721479 0.371071 0.0621054 0.0771682 0.915658
0 0.917853 0.218868 0.0623581 0.074836 0.915532
0 0.625217 0.763225 0.0634854 0.0839932 0.915507
0 0.0690761 0.567203 0.0600064 0.0783511 0.915477
0 0.727852 0.764139 0.063447 0.0833367 0.915466
0 0.0763279 0.414492 0.0620442 0.0765452 0.915422
0 0.934754 0.683155 0.0645577 0.0823441 0.914482
0 0.722253 0.448715 0.0626801 0.080509 0.914026
0 0.67738 0.804757 0.0638181 0.083127 0.913429
0 0.625487 0.682352 0.0626089 0.0836641 0.913113
0 0.366514 0.884991 0.0628543 0.0841271 0.912898
0 0.183016 0.119196 0.0590528 0.07462 0.912512
0 0.418559 0.763798 0.063066 0.0833968 0.912494
0 0.573933 0.723317 0.0626736 0.0821323 0.912196
0 0.4208 0.526341 0.0617837 0.0781398 0.91166
0 0.161414 0.885173 0.063468 0.0830456 0.911239
0 0.470872 0.723326 0.06369 0.0845236 0.911165
0 0.932897 0.603424 0.0640549 0.0813609 0.911097
0 0.320062 0.604641 0.0615317 0.0798698 0.909845
0 0.419733 0.683155 0.0627907 0.0818075 0.909599
0 0.368699 0.723426 0.0622873 0.0812569 0.90946
0 0.725633 0.525597 0.0617561 0.0804922 0.909383
0 0.471666 0.11645 0.0591671 0.0751636 0.909341
0 0.523364 0.763252 0.0618195 0.0831662 0.908647
0 0.621844 0.44891 0.0625873 0.0786408 0.908503
0 0.573935 0.80419 0.0638263 0.083827 0.908378
0 0.834017 0.845503 0.063632 0.0846864 0.907929
0 0.673792 0.486294 0.0621596 0.0798517 0.907013
0 0.370445 0.565301 0.062806 0.0795575 0.906851
0 0.521397 0.526215 0.061732 0.0796269 0.906367
0 0.214012 0.844197 0.0609013 0.0826835 0.906207
0 0.878986 0.565006 0.062743 0.0819247 0.906083
0 0.676452 0.643699 0.0615166 0.0816766 0.905579
0 0.922273 0.29371 0.0613823 0.0789591 0.905484
0 0.777708 0.643456 0.0627441 0.0811484 0.905341
0 0.268364 0.64375 0.0621192 0.0815919 0.904739
0 0.770548 0.333103 0.062702 0.0777581 0.904529
0 0.469934 0.188145 0.0575191 0.0748184 0.90419
0 0.071134 0.489818 0.0595213 0.0781739 0.903912
0 0.368898 0.643768 0.0625643 0.0813515 0.903706
0 0.521975 0.604182 0.0611339 0.0796083 0.903011
0 0.570033 0.335387 0.0619377 0.0764084 0.902908
0 0.520756 0.151218 0.0575025 0.0752176 0.902782
0 0.569128 0.113655 0.0596224 0.07541 0.902532
0 0.57179 0.564497 0.063607 0.0812761 0.902485
0 0.318776 0.684018 0.0623129 0.0807676 0.9021
0 0.828151 0.603978 0.0622004 0.0819545 0.90203
0 0.521733 0.449517 0.0604009 0.0783417 0.901922
0 0.814752 0.1483 0.0603426 0.0774313 0.901872
0 0.470408 0.804199 0.063457 0.0819996 0.901828
0 0.367831 0.803742 0.0633195 0.0813421 0.901516
0 0.422943 0.224902 0.0594771 0.0753557 0.900988
0 0.881752 0.643098 0.0631119 0.0824663 0.900799
0 0.872125 0.330826 0.0612955 0.081443 0.900067
0 0.270274 0.566104 0.0615311 0.0806504 0.899828
0 0.522094 0.683159 0.0618021 0.0808976 0.899516
0 0.278346 0.191388 0.0580589 0.0749649 0.898833
0 0.468988 0.411507 0.0578865 0.0773189 0.898743
0 0.127385 0.376402 0.0594987 0.0771998 0.898563
0 0.767855 0.257681 0.0609388 0.0766732 0.898534
0 0.568449 0.187398 0.06022 0.0759614 0.898385
0 0.422008 0.450001 0.0608865 0.0785563 0.898158
0 0.470272 0.487627 0.0610886 0.0787335 0.897503
0 0.670878 0.334183 0.0622034 0.0765097 0.897369
0 0.0807213 0.266343 0.058524 0.0742515 0.89717
0 0.31787 0.764281 0.0630702 0.0827465 0.897157
0 0.726188 0.604129 0.0619175 0.0801803 0.89699
0 0.37549 0.117619 0.0583261 0.0737203 0.89684
0 0.163116 0.803949 0.0615082 0.0822526 0.896578
0 0.325619 0.154202 0.0571104 0.0758213 0.896234
0 0.928943 0.446658 0.0617275 0.0790896 0.895968
0 0.422327 0.374163 0.0603723 0.0771674 0.895864
0 0.274628 0.336666 0.0566535 0.0777781 0.895771
0 0.925331 0.368974 0.0627938 0.0790393 0.895308
0 0.421316 0.603907 0.0610287 0.0799117 0.895244
0 0.776453 0.564496 0.0615912 0.0815831 0.895128
0 0.625291 0.525593 0.0609384 0.0785156 0.894998
0 0.113618 0.764325 0.0596736 0.0792143 0.894991
0 0.569244 0.411663 0.0616236 0.0803296 0.894589
0 0.781886 0.80467 0.064449 0.0825742 0.89457
0 0.422522 0.29947 0.060133 0.0764669 0.894408
0 0.619886 0.298791 0.0612202 0.0793982 0.894396
0 0.216932 0.684206 0.0611678 0.0843548 0.89432
0 0.830112 0.683389 0.0625419 0.0824813 0.894273
0 0.129812 0.301943 0.0586334 0.0756803 0.893947
0 0.827151 0.524367 0.0622185 0.0802982 0.893854
0 0.273542 0.414256 0.0598403 0.0790921 0.893054
0 0.11701 0.685925 0.0604785 0.0818849 0.893007
0 0.7791 0.723855 0.062941 0.0829781 0.89281
0 0.878523 0.485114 0.0618264 0.080919 0.89277
0 0.471178 0.645471 0.0617996 0.0808303 0.892267
0 0.522198 0.298032 0.0573664 0.0751241 0.891237
0 0.671756 0.409299 0.0620804 0.0783633 0.891096
0 0.572459 0.643383 0.0639689 0.0812259 0.891004
0 0.22955 0.155221 0.0577626 0.0738037 0.890396
0 0.72048 0.295468 0.0595383 0.0774894 0.890368
0 0.468978 0.261382 0.0566784 0.0757947 0.890244
0 0.619838 0.222468 0.0609711 0.0766503 0.88946
0 0.321525 0.452016 0.0594026 0.0799778 0.889364
0 0.765987 0.184882 0.0606968 0.0758214 0.88921
0 0.118788 0.5278 0.0596679 0.080442 0.888725
0 0.568424 0.260901 0.06011 0.0758081 0.88784
0 0.522627 0.373223 0.0579845 0.0769224 0.887232
0 0.675207 0.565666 0.0614716 0.0809439 0.887169
0 0.180007 0.19227 0.058919 0.0748247 0.885922
0 0.133621 0.156116 0.0579299 0.0775456 0.885789
0 0.620598 0.372132 0.0619426 0.0771023 0.885477
0 0.772659 0.409381 0.0619739 0.0781137 0.88516
0 0.469053 0.336753 0.0574928 0.0760547 0.884624
0 0.666504 0.115412 0.0614199 0.0808935 0.884597
0 0.26615 0.723819 0.0621376 0.0818542 0.883619
0 0.832024 0.764936 0.0641056 0.0836244 0.883308
0 0.213928 0.76356 0.0604621 0.0828027 0.882333
0 0.265607 0.803894 0.0613378 0.0797464 0.882024
0 0.175823 0.414938 0.0588364 0.0782393 0.881963
0 0.885774 0.804902 0.0646109 0.0844576 0.881874
0 0.616729 0.149917 0.0567243 0.0747718 0.881763
0 0.218708 0.527022 0.0595641 0.0777378 0.881533
0 0.819569 0.295987 0.0620273 0.0772082 0.881285
0 0.372002 0.41476 0.0607957 0.0765545 0.880087
0 0.874449 0.40911 0.0599633 0.0777581 0.8795
0 0.37072 0.48806 0.0612761 0.077756 0.878293
0 0.825859 0.447711 0.0627827 0.0811553 0.876957
0 0.320581 0.529202 0.0601836 0.0764556 0.87685
0 0.667007 0.259306 0.0574606 0.0756749 0.875885
0 0.117703 0.606226 0.0586192 0.0796448 0.875247
0 0.373917 0.264218 0.0585539 0.0794163 0.874817
0 0.423342 0.15205 0.0581327 0.074137 0.87387
0 0.176467 0.338599 0.058628 0.0766058 0.873344
0 0.164819 0.724408 0.0601147 0.0821169 0.87256
0 0.522354 0.223855 0.0568373 0.0749643 0.872196
0 0.625045 0.603153 0.061322 0.0805703 0.871502
0 0.321724 0.37582 0.0591616 0.0762246 0.86991
0 0.822398 0.369989 0.0613018 0.0777997 0.869824
0 0.130066 0.227944 0.0569253 0.0765372 0.869056
0 0.177509 0.264838 0.0580232 0.074817 0.868695
0 0.774313 0.486496 0.0616774 0.0801703 0.868403
0 0.224896 0.374632 0.0596335 0.0783201 0.868299
0 0.2182 0.603812 0.0603156 0.0789768 0.867447
0 0.718769 0.147545 0.0546511 0.0745885 0.865127
0 0.870101 0.256004 0.0588436 0.076913 0.864158
0 0.22266 0.451307 0.0588679 0.0783523 0.859464
0 0.167855 0.566601 0.0582348 0.079321 0.856686
0 0.22792 0.227866 0.0585583 0.0776749 0.853918
0 0.372327 0.339399 0.0586105 0.0770527 0.849857
0 0.571473 0.487375 0.0630682 0.0790237 0.84707
0 0.817527 0.220708 0.0613001 0.07643 0.843197
0 0.32395 0.229149 0.0568045 0.0779853 0.840255
0 0.124741 0.451783 0.0585247 0.0753962 0.83803
0 0.17217 0.490399 0.0569828 0.0776907 0.835884
0 0.373344 0.18995 0.0579685 0.0753941 0.833902
0 0.721157 0.220964 0.0558782 0.0756518 0.831983
0 0.270204 0.488261 0.0593194 0.0784429 0.827608
0 0.323143 0.301659 0.0587624 0.0767693 0.807998
0 0.225953 0.301384 0.0576241 0.0751824 0.806995
0 0.274685 0.263781 0.0558598 0.0750023 0.803309
0 0.663733 0.185861 0.0537775 0.0736159 0.748747
