73 0.37578125 0.25 0.06171875 0.07265625
53 0.31796875 0.28515625 0.05703125 0.07578125
57 0.26875 0.32421875 0.0578125 0.0765625
71 0.32109375 0.36015625 0.06015625 0.07421875
84 0.2703125 0.3984375 0.0640625 0.0765625
38 0.215625 0.4375 0.06015625 0.075
5 0.2640625 0.47734375 0.06015625 0.07734375
52 0.315625 0.5171875 0.0578125 0.075
63 0.36796875 0.55625 0.065625 0.08046875
63 0.36953125 0.63828125 0.0640625 0.07421875
11 0.36875 0.71796875 0.0625 0.0796875
51 0.42109375 0.6765625 0.0609375 0.0796875
55 0.471875 0.6375 0.06015625 0.07890625
65 0.26171875 0.63515625 0.06328125 0.07890625
25 0.20625 0.59765625 0.06015625 0.0765625
85 0.15703125 0.55703125 0.06328125 0.07734375
17 0.10625 0.51640625 0.0625 0.07578125
69 0.20625 0.67890625 0.0609375 0.07890625
12 0.153125 0.71875 0.0640625 0.08046875
52 0.2046875 0.75859375 0.06328125 0.0796875
23 0.25859375 0.8 0.06484375 0.0828125
52 0.41875 0.75703125 0.0625 0.07890625
49 0.41796875 0.840625 0.06796875 0.0828125
54 0.5234375 0.75703125 0.06796875 0.07890625
52 0.5234375 0.6765625 0.0640625 0.0765625
19 0.72734375 0.75234375 0.06328125 0.0765625
1 0.725 0.67265625 0.0609375 0.0765625
54 0.72265625 0.59453125 0.06171875 0.0734375
48 0.72265625 0.5171875 0.06171875 0.07578125
53 0.76875 0.3265625 0.0546875 0.0765625
51 0.8140625 0.290625 0.05703125 0.0765625
7 0.80859375 0.2171875 0.05234375 0.06875
77 0.9046875 0.15 0.05703125 0.07421875
55 0.8546875 0.11328125 0.05390625 0.06875
46 0.22578125 0.13828125 0.0640625 0.07578125