46 0.209375 0.13515625 0.065625 0.0765625
81 0.04765625 0.2546875 0.0640625 0.075
25 0.0484375 0.33671875 0.06484375 0.078125
70 0.10234375 0.37265625 0.06171875 0.07734375
8 0.15234375 0.4140625 0.0640625 0.08203125
19 0.0984375 0.45234375 0.0640625 0.0796875
54 0.41484375 0.6109375 0.065625 0.0765625
54 0.415625 0.6890625 0.065625 0.07578125
74 0.415625 0.77265625 0.065625 0.078125
0 0.46796875 0.73125 0.06171875 0.08046875
36 0.51796875 0.68984375 0.06328125 0.08359375
6 0.52265625 0.77109375 0.0609375 0.0765625
31 0.575 0.815625 0.06171875 0.0765625
48 0.5734375 0.7359375 0.0625 0.08203125
51 0.6265625 0.69140625 0.0640625 0.07734375
1 0.625 0.60703125 0.06484375 0.07734375
54 0.628125 0.5296875 0.06328125 0.0765625
52 0.62578125 0.44609375 0.0625 0.0734375
38 0.5734375 0.40703125 0.0609375 0.07734375
76 0.625 0.36875 0.06328125 0.0765625
56 0.67890625 0.3234375 0.059375 0.07578125
63 0.62421875 0.28984375 0.059375 0.07578125
12 0.82890625 0.2109375 0.06171875 0.078125
20 0.7765625 0.1703125 0.06171875 0.07578125
15 0.828125 0.13046875 0.0625 0.0734375