53 0.11875 0.1265625 0.05859375 0.06171875
51 0.16484375 0.15625 0.06015625 0.06171875
48 0.0703125 0.16171875 0.059375 0.06328125
48 0.11796875 0.1890625 0.05859375 0.06171875
49 0.0671875 0.2265625 0.06171875 0.06484375
47 0.1625 0.221875 0.06015625 0.0640625
55 0.2109375 0.253125 0.06015625 0.065625
53 0.30390625 0.25078125 0.059375 0.0640625
34 0.25859375 0.28984375 0.06015625 0.0671875
54 0.10546875 0.32734375 0.06171875 0.0671875
54 0.10078125 0.39609375 0.0640625 0.07109375
54 0.09609375 0.47109375 0.06484375 0.07421875
49 0.09765625 0.5515625 0.065625 0.08125
48 0.08828125 0.63359375 0.06796875 0.078125
51 0.08125 0.7140625 0.06796875 0.08125
53 0.196875 0.54140625 0.0640625 0.0765625
53 0.24921875 0.50625 0.06328125 0.07265625
53 0.3 0.46875 0.06171875 0.07265625
55 0.30625 0.31953125 0.06171875 0.0671875
52 0.19140625 0.6171875 0.065625 0.0796875
49 0.19140625 0.69609375 0.0671875 0.08125
48 0.0296875 0.7609375 0.059375 0.0828125
47 0.078125 0.79921875 0.06953125 0.08359375
50 0.12734375 0.84375 0.06953125 0.08984375
47 0.18515625 0.79765625 0.06953125 0.084375
55 0.2421875 0.7453125 0.06796875 0.0828125
50 0.2453125 0.8296875 0.06875 0.090625
50 0.353125 0.83359375 0.06796875 0.08984375
51 0.3515625 0.74375 0.06796875 0.08515625
54 0.34921875 0.65546875 0.065625 0.0796875
54 0.35234375 0.5765625 0.0640625 0.0765625
48 0.35234375 0.50078125 0.06328125 0.0765625
47 0.3546875 0.425 0.06328125 0.0734375
55 0.35234375 0.35390625 0.0609375 0.06953125
45 0.40078125 0.18359375 0.05859375 0.06328125
52 0.4046875 0.38515625 0.06015625 0.07265625
54 0.4015625 0.53828125 0.0640625 0.0765625
52 0.45234375 0.49765625 0.0625 0.0734375
49 0.45703125 0.57109375 0.0640625 0.07421875
54 0.4046875 0.61484375 0.06484375 0.07890625
49 0.40703125 0.69921875 0.065625 0.08046875
47 0.40625 0.784375 0.06796875 0.08515625
55 0.4578125 0.7390625 0.06640625 0.0828125
50 0.459375 0.821875 0.0671875 0.08515625
55 0.503125 0.6140625 0.0640625 0.0765625
48 0.50703125 0.69296875 0.06484375 0.0796875
53 0.5640625 0.72890625 0.06640625 0.08515625
42 0.5578125 0.64765625 0.06484375 0.078125
54 0.5546875 0.5640625 0.0640625 0.0734375
37 0.55234375 0.48984375 0.0625 0.07421875
48 0.7703125 0.171875 0.05703125 0.06328125
49 0.821875 0.20390625 0.0578125 0.06171875
35 0.87109375 0.2328125 0.0578125 0.0640625
54 0.88046875 0.30078125 0.059375 0.06640625
51 0.77421875 0.23671875 0.05703125 0.06328125
53 0.73203125 0.26875 0.059375 0.06484375
47 0.6390625 0.2765625 0.05859375 0.06640625
48 0.59140625 0.31015625 0.06015625 0.06640625
48 0.64453125 0.34609375 0.06015625 0.0671875
49 0.59609375 0.3859375 0.06015625 0.06953125
43 0.65 0.4140625 0.06171875 0.0703125
48 0.60234375 0.45625 0.0625 0.071875
54 0.88515625 0.36875 0.06015625 0.06953125
47 0.84140625 0.4046875 0.06015625 0.07265625
47 0.74609375 0.4109375 0.06171875 0.0703125
50 0.7015625 0.45 0.06171875 0.07109375
50 0.79921875 0.446875 0.06171875 0.07109375
40 0.903125 0.5109375 0.0609375 0.0734375
72 0.85078125 0.4796875 0.06328125 0.0734375
51 0.65703125 0.48828125 0.0625 0.07265625
53 0.80859375 0.51875 0.0625 0.07421875
44 0.60859375 0.528125 0.0625 0.07421875
52 0.66015625 0.56796875 0.06328125 0.0765625
54 0.86171875 0.55234375 0.0625 0.075
53 0.76328125 0.5578125 0.0640625 0.07578125
53 0.71328125 0.6 0.0625 0.07890625
47 0.6109375 0.603125 0.06484375 0.07734375
47 0.76875 0.634375 0.0640625 0.07578125
50 0.8234375 0.6765625 0.06484375 0.078125
53 0.61328125 0.6859375 0.065625 0.08125
50 0.7203125 0.6796875 0.06484375 0.0796875
54 0.66953125 0.725 0.06640625 0.08203125
39 0.67578125 0.80859375 0.0671875 0.084375
33 0.7265625 0.765625 0.0671875 0.08359375