48 0.78515625 0.16953125 0.0625 0.07265625
49 0.8421875 0.20078125 0.06328125 0.0703125
35 0.89609375 0.22890625 0.06484375 0.06953125
51 0.79296875 0.2421875 0.0640625 0.07265625
53 0.74453125 0.278125 0.06484375 0.0703125
54 0.9046875 0.303125 0.0671875 0.07109375
48 0.64765625 0.36640625 0.06328125 0.07265625
54 0.9109375 0.378125 0.06640625 0.07421875
43 0.65703125 0.4390625 0.065625 0.0765625
47 0.8625 0.41953125 0.06640625 0.0796875
50 0.8171875 0.4671875 0.06640625 0.07734375
47 0.759375 0.43125 0.06796875 0.0765625
50 0.71171875 0.47421875 0.0671875 0.0765625
48 0.60703125 0.48125 0.06640625 0.07578125
51 0.66484375 0.5171875 0.06640625 0.07734375
72 0.871875 0.5 0.06953125 0.08125
40 0.93046875 0.5328125 0.06875 0.0796875
53 0.82578125 0.54375 0.06796875 0.08046875
54 0.884375 0.578125 0.0703125 0.08203125
53 0.77734375 0.5875 0.06875 0.0796875
50 0.8421875 0.71171875 0.06953125 0.084375
47 0.7828125 0.66875 0.06875 0.08203125
53 0.7234375 0.634375 0.06640625 0.08515625
50 0.7328125 0.7171875 0.06953125 0.08515625
52 0.6671875 0.60078125 0.0671875 0.08046875
44 0.61015625 0.56171875 0.06640625 0.0796875
47 0.61484375 0.64453125 0.0671875 0.0796875
53 0.61640625 0.728125 0.0671875 0.084375
42 0.5625 0.68203125 0.0671875 0.0828125
53 0.5640625 0.7765625 0.06875 0.08515625
48 0.51015625 0.7359375 0.0671875 0.08359375
55 0.50703125 0.6484375 0.06640625 0.08046875
52 0.45234375 0.5328125 0.06484375 0.0796875
49 0.45546875 0.61015625 0.06640625 0.078125
52 0.3984375 0.4234375 0.0625 0.07421875
47 0.34765625 0.46953125 0.0625 0.0765625
48 0.353125 0.5453125 0.0625 0.07578125
54 0.35390625 0.62265625 0.065625 0.07890625
54 0.35078125 0.70078125 0.065625 0.08125
51 0.34140625 0.7828125 0.065625 0.08515625
50 0.4625 0.86796875 0.06875 0.08671875
47 0.409375 0.83125 0.06875 0.0890625
50 0.3546875 0.875 0.06796875 0.0890625
52 0.19375 0.67421875 0.0625 0.08359375
49 0.196875 0.759375 0.06640625 0.08359375
48 0.09765625 0.6828125 0.06484375 0.078125
51 0.09296875 0.76171875 0.06484375 0.08046875
48 0.03984375 0.8125 0.065625 0.084375
53 0.20078125 0.59609375 0.06328125 0.07890625
53 0.24921875 0.5515625 0.0640625 0.0765625
53 0.29765625 0.5109375 0.0625 0.075
49 0.10234375 0.60234375 0.06328125 0.0828125
54 0.0984375 0.52109375 0.0625 0.07578125
54 0.10234375 0.44453125 0.0625 0.0734375
55 0.3484375 0.3890625 0.0609375 0.07265625
54 0.10390625 0.37421875 0.0609375 0.06875
55 0.30234375 0.35078125 0.06015625 0.07109375
34 0.253125 0.3265625 0.0609375 0.071875
55 0.20625 0.29140625 0.059375 0.06953125
47 0.1578125 0.26328125 0.06171875 0.07109375
49 0.0640625 0.2734375 0.059375 0.0671875
48 0.11328125 0.23203125 0.059375 0.06875
48 0.06484375 0.2078125 0.05859375 0.0671875
51 0.1578125 0.19453125 0.05859375 0.06640625
53 0.1109375 0.16640625 0.059375 0.06640625