48 0.134375 0.10078125 0.0640625 0.07265625
49 0.18203125 0.13984375 0.06484375 0.07109375
54 0.13046875 0.1734375 0.06328125 0.071875
55 0.23046875 0.17734375 0.0640625 0.07578125
50 0.27890625 0.2203125 0.0640625 0.0765625
47 0.22734375 0.25390625 0.0640625 0.078125
34 0.27578125 0.29609375 0.0640625 0.078125
48 0.225 0.3296875 0.06484375 0.07734375
49 0.2703125 0.37265625 0.06484375 0.07578125
54 0.2203125 0.41328125 0.06640625 0.08203125
50 0.1734375 0.28671875 0.06484375 0.07890625
48 0.07734375 0.28515625 0.06640625 0.07421875
54 0.1234375 0.32890625 0.065625 0.07578125
49 0.0671875 0.36015625 0.065625 0.075
85 0.11875 0.40390625 0.06640625 0.07578125
52 0.17109375 0.45078125 0.06484375 0.07734375
54 0.11640625 0.48671875 0.065625 0.078125
54 0.165625 0.5265625 0.06484375 0.078125
49 0.1109375 0.5640625 0.06640625 0.08046875
53 0.10078125 0.815625 0.06796875 0.08359375
48 0.04765625 0.7734375 0.06796875 0.084375
53 0.1046875 0.734375 0.06796875 0.0859375
53 0.15546875 0.778125 0.0671875 0.08046875
53 0.21015625 0.73828125 0.06796875 0.08046875
48 0.31796875 0.73125 0.065625 0.08046875
49 0.2625 0.7734375 0.06796875 0.0828125
76 0.26171875 0.69296875 0.06796875 0.08046875
55 0.21328125 0.65 0.06640625 0.0796875
51 0.15859375 0.69375 0.0671875 0.08046875
53 0.37109375 0.6953125 0.06640625 0.08125
47 0.42265625 0.65546875 0.06640625 0.0796875
49 0.42421875 0.571875 0.06484375 0.0796875
48 0.2671875 0.6109375 0.065625 0.08203125
0 0.31796875 0.5703125 0.0640625 0.078125
51 0.21640625 0.5703125 0.065625 0.078125
49 0.2703125 0.53046875 0.06640625 0.078125
54 0.21796875 0.49140625 0.06484375 0.0765625
48 0.26796875 0.45390625 0.06484375 0.0765625
41 0.3171875 0.4140625 0.06484375 0.0765625
50 0.3234375 0.33515625 0.06328125 0.07578125
53 0.3296875 0.18125 0.06328125 0.07421875
47 0.384375 0.1453125 0.0640625 0.07578125
47 0.3765625 0.30078125 0.0640625 0.07734375
48 0.3765625 0.375 0.06484375 0.07734375
49 0.3734375 0.453125 0.06484375 0.08046875
53 0.36875 0.53046875 0.06484375 0.08203125
13 0.42734375 0.3375 0.06328125 0.0765625
54 0.42890625 0.26328125 0.06328125 0.07734375
32 0.4296875 0.184375 0.06328125 0.0734375
50 0.47578125 0.5328125 0.0640625 0.07578125
44 0.52890625 0.4953125 0.0640625 0.0765625
55 0.58046875 0.5359375 0.06328125 0.0765625
55 0.4765625 0.61875 0.06484375 0.0796875
49 0.5296875 0.57734375 0.06484375 0.07734375
55 0.58046875 0.61875 0.06484375 0.07890625
71 0.52578125 0.65703125 0.065625 0.07890625
20 0.58203125 0.703125 0.065625 0.07890625
54 0.52421875 0.74296875 0.06640625 0.08125
53 0.58046875 0.78203125 0.06640625 0.08125
7 0.47578125 0.7015625 0.06640625 0.08125
49 0.47265625 0.7859375 0.0671875 0.0828125
47 0.63125 0.27109375 0.06328125 0.07421875
43 0.57890625 0.30546875 0.0625 0.07578125
55 0.6828125 0.309375 0.0640625 0.0765625
55 0.63203125 0.3453125 0.06328125 0.075
26 0.68203125 0.38359375 0.0640625 0.0765625
53 0.634375 0.41953125 0.06171875 0.075
53 0.58125 0.45703125 0.0640625 0.07578125
50 0.68359375 0.86875 0.0671875 0.08203125
49 0.63125 0.825 0.0671875 0.08125
62 0.63359375 0.7453125 0.065625 0.08125
82 0.63359375 0.65390625 0.0640625 0.08046875
7 0.63046875 0.5765625 0.0640625 0.07734375
33 0.68203125 0.46015625 0.0640625 0.0765625
51 0.68046875 0.54140625 0.065625 0.07734375
49 0.88515625 0.234375 0.06171875 0.0734375
45 0.93515625 0.27578125 0.06328125 0.075
51 0.93125 0.3578125 0.0640625 0.07734375
48 0.88671875 0.39765625 0.0640625 0.0765625
35 0.83671875 0.428125 0.06328125 0.0765625
85 0.88828125 0.47265625 0.06484375 0.0765625
54 0.88984375 0.54765625 0.065625 0.07734375
54 0.8921875 0.625 0.06484375 0.078125
42 0.73828125 0.828125 0.0671875 0.08203125
60 0.78984375 0.7875 0.06640625 0.08125
51 0.84296875 0.74765625 0.065625 0.084375
55 0.734375 0.746875 0.06640625 0.08046875
48 0.78984375 0.70703125 0.06640625 0.08046875
53 0.734375 0.6640625 0.065625 0.0796875
71 0.84296875 0.665625 0.065625 0.08125
47 0.78984375 0.625 0.06484375 0.0796875
50 0.73515625 0.50234375 0.065625 0.0765625
53 0.78671875 0.4625 0.06484375 0.0765625