45 0.4375 0.20078125 0.06328125 0.07421875
55 0.38828125 0.16171875 0.0625 0.0734375
47 0.33828125 0.1265625 0.06328125 0.0734375
53 0.29140625 0.16484375 0.06328125 0.0734375
50 0.23515625 0.196875 0.0625 0.07421875
49 0.18671875 0.1546875 0.0640625 0.07421875
54 0.43671875 0.275 0.06328125 0.075
47 0.334375 0.27421875 0.06328125 0.075
47 0.2328125 0.275 0.0640625 0.0765625
34 0.28515625 0.30859375 0.06328125 0.07578125
52 0.3875 0.315625 0.06328125 0.07578125
79 0.18046875 0.30390625 0.0625 0.075
54 0.17734375 0.37890625 0.0625 0.07578125
50 0.2296875 0.34921875 0.06484375 0.0765625
55 0.33046875 0.35 0.0625 0.0765625
30 0.37890625 0.39296875 0.06328125 0.0765625
1 0.43359375 0.35546875 0.0640625 0.075
54 0.4265625 0.43046875 0.06484375 0.0765625
49 0.37890625 0.47109375 0.0640625 0.07578125
49 0.178125 0.46640625 0.06484375 0.078125
55 0.22578125 0.50703125 0.06484375 0.07734375
36 0.328125 0.50859375 0.06484375 0.07578125
48 0.37890625 0.55 0.06484375 0.078125
55 0.48046875 0.5515625 0.0640625 0.078125
49 0.43203125 0.59140625 0.0640625 0.078125
41 0.4796875 0.6328125 0.06484375 0.0796875
7 0.47578125 0.71171875 0.0671875 0.0796875
72 0.42578125 0.671875 0.065625 0.08125
49 0.478125 0.7921875 0.065625 0.08046875
51 0.425 0.7515625 0.065625 0.08046875
53 0.3703125 0.78984375 0.06484375 0.084375
48 0.3203125 0.74296875 0.065625 0.08046875
40 0.37421875 0.628125 0.06484375 0.07734375
23 0.32734375 0.584375 0.0640625 0.07734375
68 0.27265625 0.5484375 0.0640625 0.0765625
50 0.2765625 0.625 0.06484375 0.07734375
37 0.17421875 0.5453125 0.06484375 0.0765625
83 0.22109375 0.58515625 0.0640625 0.0765625
48 0.13828125 0.115625 0.06328125 0.0734375
54 0.1359375 0.19453125 0.0640625 0.0734375
54 0.16875 0.7015625 0.065625 0.08203125
51 0.165625 0.784375 0.06640625 0.08046875
53 0.11328125 0.8234375 0.065625 0.08046875
42 0.6859375 0.48203125 0.0640625 0.07734375
51 0.684375 0.559375 0.06484375 0.0765625
55 0.53125 0.5921875 0.0640625 0.07890625
10 0.63359375 0.59453125 0.065625 0.078125
55 0.58359375 0.63359375 0.065625 0.078125
47 0.5296875 0.6703125 0.06484375 0.07890625
52 0.6828125 0.6359375 0.065625 0.07734375
82 0.6328125 0.67734375 0.065625 0.07890625
33 0.58203125 0.71484375 0.06484375 0.07890625
55 0.63125 0.75625 0.06640625 0.078125
59 0.6875 0.8015625 0.0640625 0.08203125
50 0.68671875 0.884375 0.0671875 0.08125
47 0.63359375 0.84453125 0.0671875 0.08046875
50 0.578125 0.88359375 0.06640625 0.0796875
38 0.8375 0.2046875 0.06328125 0.08046875
67 0.8921875 0.24765625 0.0640625 0.0765625
43 0.94140625 0.290625 0.0640625 0.07578125
53 0.8390625 0.2890625 0.06484375 0.0765625
53 0.7859375 0.32421875 0.0640625 0.078125
35 0.83984375 0.44296875 0.065625 0.078125
55 0.89140625 0.478125 0.06484375 0.078125
48 0.7875 0.47734375 0.06484375 0.078125
54 0.7921875 0.55234375 0.06484375 0.078125
72 0.73828125 0.67734375 0.06484375 0.0828125
51 0.79296875 0.634375 0.06484375 0.08125
47 0.8421875 0.68359375 0.06640625 0.08046875
82 0.73984375 0.7578125 0.06640625 0.0796875
50 0.78984375 0.7203125 0.06640625 0.07890625
53 0.84140625 0.7640625 0.06640625 0.07890625
50 0.7921875 0.80390625 0.06640625 0.0796875
23 0.73984375 0.84296875 0.0671875 0.08359375
49 0.89765625 0.80546875 0.06640625 0.08046875
41 0.95 0.85078125 0.06796875 0.08046875
50 0.79375 0.8875 0.0671875 0.08046875
47 0.8453125 0.85078125 0.06640625 0.0796875
50 0.9 0.8890625 0.0671875 0.0796875
32 0.37421875 0.7078125 0.06484375 0.07890625