53 0.165625 0.11015625 0.05390625 0.05546875
51 0.20625 0.13671875 0.05703125 0.0546875
48 0.11953125 0.1421875 0.0546875 0.05546875
48 0.1625 0.16640625 0.0546875 0.05546875
47 0.203125 0.1953125 0.05546875 0.0578125
49 0.1140625 0.19921875 0.05703125 0.0578125
45 0.42734375 0.1625 0.05625 0.0578125
53 0.334375 0.2203125 0.05625 0.06015625
55 0.24765625 0.2234375 0.05625 0.059375
34 0.290625 0.25859375 0.05859375 0.0625
55 0.33515625 0.28515625 0.059375 0.0609375
54 0.146875 0.2890625 0.0578125 0.06015625
54 0.13984375 0.35234375 0.059375 0.0640625
54 0.13125 0.421875 0.06171875 0.06796875
49 0.13046875 0.49609375 0.06328125 0.075
48 0.11875 0.5734375 0.06484375 0.07578125
51 0.10859375 0.64921875 0.06640625 0.078125
48 0.05234375 0.69140625 0.06640625 0.07890625
47 0.10234375 0.73125 0.06640625 0.08203125
50 0.14765625 0.77578125 0.0671875 0.0875
47 0.20546875 0.73203125 0.06640625 0.08203125
50 0.2625 0.76484375 0.0671875 0.0859375
55 0.26171875 0.68359375 0.065625 0.078125
49 0.21484375 0.6359375 0.06484375 0.0765625
52 0.2171875 0.56015625 0.0625 0.07578125
53 0.22421875 0.48984375 0.0609375 0.07421875
53 0.27578125 0.4578125 0.0609375 0.06953125
53 0.32578125 0.4234375 0.059375 0.065625
55 0.378125 0.31796875 0.05703125 0.0640625
47 0.378125 0.3828125 0.06015625 0.0671875
48 0.37421875 0.4546875 0.06015625 0.07109375
54 0.37265625 0.5265625 0.06328125 0.071875
54 0.36796875 0.60078125 0.0640625 0.075
51 0.36796875 0.6859375 0.065625 0.08125
50 0.36796875 0.77265625 0.0671875 0.0875
52 0.42734375 0.3484375 0.05859375 0.06796875
54 0.421875 0.490625 0.06171875 0.07109375
54 0.42265625 0.56328125 0.06328125 0.075
49 0.42421875 0.64375 0.0640625 0.0765625
47 0.421875 0.7265625 0.0671875 0.08203125
52 0.47109375 0.453125 0.0609375 0.06875
49 0.475 0.5234375 0.06328125 0.07109375
55 0.47265625 0.684375 0.065625 0.07890625
48 0.52265625 0.64140625 0.06484375 0.0765625
53 0.578125 0.678125 0.06484375 0.08125
50 0.47265625 0.765625 0.06796875 0.0828125
42 0.57109375 0.59921875 0.0640625 0.07734375
55 0.51953125 0.565625 0.06328125 0.075
39 0.69140625 0.76015625 0.06796875 0.0828125
33 0.7421875 0.71953125 0.0671875 0.08203125
54 0.68359375 0.6765625 0.06640625 0.078125
50 0.73671875 0.63515625 0.065625 0.0796875
53 0.628125 0.63828125 0.06484375 0.078125
50 0.840625 0.63515625 0.065625 0.0765625
47 0.784375 0.5921875 0.065625 0.0734375
53 0.728125 0.55703125 0.0625 0.075
47 0.625 0.55859375 0.06328125 0.071875
52 0.67578125 0.525 0.06328125 0.07265625
53 0.77890625 0.51796875 0.0640625 0.07421875
54 0.57109375 0.51953125 0.0625 0.07109375
44 0.6234375 0.48671875 0.06328125 0.071875
37 0.56953125 0.4484375 0.0609375 0.06875
51 0.6734375 0.44921875 0.06171875 0.0671875
48 0.61875 0.41796875 0.0609375 0.0671875
43 0.665625 0.37890625 0.0609375 0.06640625
49 0.61328125 0.3515625 0.059375 0.0640625
48 0.6609375 0.31484375 0.05859375 0.0625
48 0.609375 0.28046875 0.05703125 0.06171875
47 0.65625 0.25 0.0578125 0.06171875
48 0.78515625 0.15546875 0.05625 0.059375
35 0.88671875 0.20625 0.05703125 0.059375
49 0.83671875 0.184375 0.05703125 0.05859375
51 0.78984375 0.2140625 0.05546875 0.05859375
53 0.74765625 0.24375 0.05859375 0.06015625
54 0.89453125 0.275 0.06015625 0.0609375
54 0.9 0.33984375 0.06015625 0.065625
50 0.7171875 0.41328125 0.06171875 0.06640625
47 0.7609375 0.37734375 0.0609375 0.06640625
47 0.85703125 0.37265625 0.0609375 0.06953125
50 0.81484375 0.41171875 0.06171875 0.06875
53 0.82421875 0.48046875 0.0625 0.07109375
72 0.86640625 0.44453125 0.06328125 0.06953125
54 0.87890625 0.515625 0.0640625 0.071875
40 0.91953125 0.4765625 0.06328125 0.0703125