47 0.11171875 0.64765625 0.10078125 0.06953125
50 0.1890625 0.67578125 0.1 0.06875
47 0.265625 0.64296875 0.0984375 0.06640625
50 0.33984375 0.6765625 0.0984375 0.06640625
55 0.34375 0.61015625 0.09765625 0.065625
54 0.43203125 0.57421875 0.0953125 0.06328125
55 0.2703125 0.57421875 0.09765625 0.0640625
49 0.19140625 0.54765625 0.1 0.0671875
48 0.421875 0.5125 0.0953125 0.0625
53 0.49609375 0.48203125 0.09296875 0.06171875
51 0.57109375 0.44921875 0.09296875 0.0609375
54 0.2 0.41484375 0.0984375 0.0609375
54 0.20703125 0.353125 0.0984375 0.06171875
54 0.5828125 0.3296875 0.090625 0.05859375
52 0.21640625 0.28828125 0.09609375 0.06171875
50 0.50625 0.2921875 0.08828125 0.0609375
34 0.5875 0.26875 0.08984375 0.06015625
49 0.13671875 0.25546875 0.096875 0.06328125
55 0.42890625 0.2640625 0.0921875 0.06015625
42 0.35546875 0.2265625 0.09296875 0.05859375
54 0.578125 0.20859375 0.08984375 0.059375
16 0.5796875 0.1421875 0.08984375 0.0578125
55 0.2828125 0.19375 0.0921875 0.06015625
47 0.209375 0.165625 0.09453125 0.059375
54 0.14296875 0.128125 0.0953125 0.06015625
48 0.14609375 0.06953125 0.09453125 0.0609375
43 0.97890625 0.6421875 0.0421875 0.0625
53 0.790625 0.60859375 0.090625 0.06171875
53 0.8578125 0.57578125 0.08984375 0.0609375
47 0.9796875 0.51640625 0.040625 0.0609375
52 0.93203125 0.490625 0.08828125 0.0578125
44 0.85703125 0.45390625 0.08828125 0.059375
54 0.8578125 0.39453125 0.0875 0.05859375
48 0.86015625 0.3296875 0.0875 0.0578125
53 0.934375 0.3046875 0.08671875 0.05703125