47 0.12734375 0.13046875 0.0625 0.075
53 0.121875 0.21328125 0.06484375 0.078125
79 0.23046875 0.20703125 0.0640625 0.07734375
56 0.22734375 0.2890625 0.06328125 0.0765625
54 0.28828125 0.25078125 0.059375 0.0765625
50 0.340625 0.2140625 0.06328125 0.07578125
54 0.3890625 0.1734375 0.0609375 0.078125
68 0.334375 0.2953125 0.0640625 0.07578125
47 0.38671875 0.33359375 0.06171875 0.07890625
83 0.38203125 0.41015625 0.0640625 0.075
76 0.3921875 0.4875 0.06328125 0.07578125
38 0.27890625 0.49296875 0.0671875 0.08203125
1 0.22265625 0.53046875 0.06484375 0.07734375
49 0.171875 0.56953125 0.06640625 0.078125
53 0.16953125 0.49140625 0.06484375 0.075
24 0.1171875 0.5296875 0.06328125 0.08046875
28 0.11796875 0.45078125 0.059375 0.078125
12 0.0640625 0.49140625 0.0625 0.0828125
18 0.115625 0.69375 0.06484375 0.08125
10 0.2234375 0.69765625 0.06484375 0.0796875
84 0.16484375 0.7375 0.06328125 0.08125
22 0.2234375 0.778125 0.0640625 0.0796875
48 0.278125 0.8234375 0.0640625 0.0828125
51 0.215625 0.86640625 0.06796875 0.0828125
48 0.43984375 0.60859375 0.06328125 0.08046875
54 0.4859375 0.65546875 0.06171875 0.07890625
51 0.540625 0.696875 0.06171875 0.0796875
6 0.5375 0.7765625 0.06484375 0.07890625
2 0.64921875 0.70078125 0.06328125 0.07890625
17 0.74609375 0.696875 0.06796875 0.0796875
55 0.79609375 0.65625 0.06953125 0.0765625
53 0.80546875 0.575 0.06328125 0.075
53 0.90078125 0.57890625 0.059375 0.07734375
55 0.80234375 0.4953125 0.06171875 0.07578125
47 0.8484375 0.45625 0.05703125 0.07421875
52 0.903125 0.50234375 0.06328125 0.078125
55 0.6984375 0.57265625 0.06328125 0.07421875
62 0.65 0.615625 0.0671875 0.078125
38 0.6421875 0.53359375 0.0609375 0.0734375
46 0.23359375 0.13125 0.065625 0.07265625