46 0.21171875 0.13828125 0.06875 0.08125
8 0.209375 0.2171875 0.065625 0.0765625
63 0.21640625 0.309375 0.06796875 0.07734375
80 0.0484375 0.26015625 0.06640625 0.0765625
69 0.05078125 0.34453125 0.06796875 0.08046875
84 0.04765625 0.425 0.0640625 0.07890625
53 0.1046875 0.46640625 0.0625 0.08125
83 0.0484375 0.50625 0.0640625 0.07578125
6 0.0484375 0.58984375 0.06640625 0.07578125
74 0.0453125 0.671875 0.065625 0.078125
38 0.0484375 0.75546875 0.06953125 0.07890625
9 0.0484375 0.84296875 0.0703125 0.08046875
1 0.1078125 0.8828125 0.0671875 0.08046875
53 0.31953125 0.54375 0.059375 0.08125
55 0.37421875 0.50078125 0.0640625 0.075
54 0.371875 0.3421875 0.06328125 0.0765625
57 0.3703125 0.1796875 0.0625 0.07578125
50 0.31953125 0.21875 0.0625 0.08203125
73 0.36953125 0.2640625 0.059375 0.0765625
52 0.4234375 0.30390625 0.0609375 0.0796875
83 0.37421875 0.58046875 0.0609375 0.0796875
52 0.4296875 0.61953125 0.0609375 0.08203125
54 0.42890625 0.70703125 0.065625 0.0796875
39 0.58984375 0.9140625 0.06328125 0.08046875
53 0.64375 0.8671875 0.06328125 0.0828125
0 0.69921875 0.82734375 0.06328125 0.08125
19 0.840625 0.2125 0.06796875 0.0796875
18 0.78828125 0.16953125 0.0625 0.07734375
24 0.84140625 0.134375 0.06171875 0.08203125
47 0.890625 0.090625 0.06328125 0.0765625
26 0.94453125 0.1296875 0.0640625 0.084375
24 0.44921875 0.1984375 0.06171875 0.078125