47 0.13359375 0.809375 0.0671875 0.08125
50 0.18671875 0.840625 0.0671875 0.07890625
47 0.2375 0.8 0.0671875 0.0796875
50 0.2890625 0.8390625 0.06640625 0.0765625
55 0.28828125 0.75859375 0.06640625 0.07890625
55 0.2359375 0.7171875 0.06640625 0.0765625
49 0.18125 0.68828125 0.0671875 0.08046875
54 0.1796875 0.525 0.0671875 0.07578125
54 0.18125 0.4484375 0.06640625 0.07578125
52 0.18359375 0.36640625 0.06640625 0.0765625
49 0.12734375 0.328125 0.06640625 0.08203125
54 0.12265625 0.16640625 0.065625 0.0765625
47 0.171875 0.2109375 0.065625 0.0765625
55 0.225 0.24375 0.06484375 0.0765625
42 0.278125 0.28359375 0.06484375 0.07578125
55 0.33046875 0.32734375 0.06484375 0.07421875
50 0.3859375 0.3625 0.06328125 0.078125
54 0.44140625 0.40625 0.06328125 0.0734375
51 0.4375 0.55546875 0.0640625 0.07578125
53 0.38671875 0.5984375 0.06484375 0.07578125
48 0.3375 0.63828125 0.06640625 0.07734375
54 0.34609375 0.71328125 0.06484375 0.07734375
34 0.44296875 0.32890625 0.06328125 0.07578125
55 0.38984375 0.28671875 0.06328125 0.07734375
47 0.3390625 0.25 0.06328125 0.0765625
54 0.43984375 0.25078125 0.06328125 0.07578125
16 0.43203125 0.16484375 0.06328125 0.07421875
48 0.121875 0.0890625 0.06640625 0.0765625
43 0.73984375 0.78359375 0.0625 0.075
53 0.5953125 0.74453125 0.06328125 0.07734375
53 0.63984375 0.70078125 0.0625 0.0765625
50 0.8375 0.70078125 0.06171875 0.07421875
55 0.78984375 0.6625 0.0609375 0.075
47 0.74296875 0.6265625 0.0609375 0.07578125
52 0.6921875 0.59609375 0.0625 0.0734375
44 0.63828125 0.55234375 0.0625 0.07421875
54 0.6375 0.47890625 0.06328125 0.0734375
48 0.63828125 0.39609375 0.0625 0.0734375
53 0.68984375 0.36171875 0.0625 0.0734375
51 0.78515625 0.27890625 0.0609375 0.071875
48 0.78359375 0.2046875 0.06171875 0.07265625
53 0.828125 0.1640625 0.06015625 0.075