48 0.1453125 0.1046875 0.065625 0.07421875
54 0.14453125 0.17890625 0.06640625 0.07265625
47 0.1921875 0.22421875 0.065625 0.075
55 0.2453125 0.25625 0.06328125 0.075
42 0.29765625 0.2984375 0.065625 0.075
47 0.35625 0.26328125 0.0671875 0.075
16 0.4546875 0.18515625 0.0640625 0.07265625
54 0.4640625 0.26875 0.0625 0.075
55 0.4140625 0.30625 0.0640625 0.07421875
55 0.3546875 0.34453125 0.065625 0.075
50 0.40625 0.38125 0.0640625 0.078125
34 0.465625 0.34375 0.0640625 0.075
49 0.14296875 0.33984375 0.06875 0.08125
52 0.19921875 0.37890625 0.0671875 0.07734375
54 0.19375 0.46171875 0.06796875 0.07734375
54 0.18984375 0.540625 0.06796875 0.07734375
54 0.4625 0.42421875 0.0640625 0.07421875
51 0.45625 0.5765625 0.065625 0.07734375
53 0.403125 0.6203125 0.0671875 0.07890625
48 0.3515625 0.6609375 0.0671875 0.0796875
54 0.36015625 0.740625 0.06796875 0.08125
53 0.13203125 0.659375 0.071875 0.08203125
48 0.07578125 0.70546875 0.0703125 0.08203125
49 0.18828125 0.7109375 0.0703125 0.0859375
55 0.2453125 0.73984375 0.06953125 0.08203125
54 0.07421875 0.79140625 0.071875 0.084375
55 0.29765625 0.78828125 0.0703125 0.084375
47 0.1328125 0.840625 0.07109375 0.08671875
50 0.18828125 0.87578125 0.0703125 0.08671875
47 0.24296875 0.83203125 0.07109375 0.08359375
50 0.296875 0.8734375 0.06875 0.084375
53 0.61953125 0.7765625 0.06484375 0.0796875
53 0.665625 0.73203125 0.065625 0.08046875
49 0.72421875 0.77578125 0.0640625 0.08046875
43 0.771875 0.82109375 0.06484375 0.07890625
50 0.87109375 0.72734375 0.06328125 0.0765625
55 0.81640625 0.6984375 0.06328125 0.08046875
47 0.7703125 0.65546875 0.06328125 0.0796875
52 0.71796875 0.621875 0.0640625 0.0765625
44 0.66328125 0.5765625 0.06484375 0.0765625
54 0.66171875 0.5 0.06484375 0.075
48 0.66171875 0.4171875 0.06328125 0.0734375
53 0.7140625 0.38359375 0.0625 0.0734375
51 0.80859375 0.303125 0.0625 0.07265625
48 0.8046875 0.23046875 0.06015625 0.0703125
53 0.8484375 0.1921875 0.0609375 0.07109375
49 0.89921875 0.23203125 0.06015625 0.06953125
33 0.94765625 0.265625 0.06015625 0.07109375