47 0.13125 0.1328125 0.0625 0.07421875
53 0.1296875 0.20703125 0.06484375 0.075
77 0.23203125 0.21015625 0.0640625 0.07265625
60 0.228125 0.284375 0.0625 0.07578125
54 0.28359375 0.24296875 0.06015625 0.07109375
47 0.33359375 0.2078125 0.059375 0.07578125
55 0.38515625 0.1703125 0.06015625 0.07265625
69 0.3296875 0.28359375 0.0609375 0.07578125
51 0.378125 0.3265625 0.059375 0.07421875
84 0.37890625 0.4015625 0.0625 0.075
74 0.38203125 0.47734375 0.0625 0.071875
46 0.23203125 0.13515625 0.0625 0.07578125
41 0.27734375 0.48203125 0.0609375 0.07265625
5 0.22109375 0.51796875 0.0625 0.07421875
54 0.17265625 0.47734375 0.0625 0.07890625
26 0.12265625 0.440625 0.0625 0.07265625
22 0.121875 0.51953125 0.06015625 0.07578125
10 0.0703125 0.48046875 0.06171875 0.075
47 0.17109375 0.55625 0.0640625 0.07890625
8 0.221875 0.68046875 0.0640625 0.078125
16 0.11796875 0.76328125 0.06640625 0.08125
20 0.22265625 0.7578125 0.0640625 0.07578125
52 0.27265625 0.803125 0.0640625 0.07890625
49 0.21640625 0.84609375 0.06640625 0.07734375
85 0.16796875 0.8015625 0.06328125 0.08125
48 0.43125 0.59375 0.0640625 0.07734375
54 0.48203125 0.6359375 0.0640625 0.078125
51 0.53359375 0.6796875 0.06171875 0.07890625
7 0.53359375 0.76171875 0.06484375 0.07734375
0 0.6375 0.6734375 0.0640625 0.0765625
65 0.634375 0.596875 0.06328125 0.075
36 0.634375 0.5203125 0.06328125 0.07421875
54 0.6859375 0.55625 0.06015625 0.07578125
54 0.7375 0.6 0.06171875 0.078125
54 0.7890625 0.63359375 0.059375 0.07578125
54 0.840625 0.67578125 0.0625 0.07578125
15 0.63515625 0.2125 0.06171875 0.07265625
53 0.63359375 0.2859375 0.06171875 0.07265625
48 0.6328125 0.36015625 0.06328125 0.0734375
49 0.68984375 0.39765625 0.06171875 0.07421875