1 0.432245 0.240193 0.0267359 0.0423331 0.957357
1 0.425716 0.457482 0.0294831 0.0434468 0.948305
1 0.347927 0.665364 0.0303929 0.0449859 0.912687
1 0.205823 0.856376 0.0296806 0.0448352 0.879003
3 0.169196 0.528917 0.0296666 0.042826 0.876754
2 0.806696 0.246367 0.0335344 0.0448783 0.837812
2 0.647734 0.444485 0.0269628 0.040766 0.832418
2 0.691437 0.655968 0.030257 0.0412268 0.803044
2 0.615887 0.781601 0.0294363 0.0437776 0.781528
3 0.110336 0.143747 0.0323832 0.0439237 0.776041
3 0.345789 0.381183 0.029395 0.043423 0.767863
3 0.19094 0.26754 0.0314014 0.0461968 0.658312
