46 0.2390625 0.13125 0.06171875 0.078125
70 0.184375 0.16328125 0.0609375 0.07265625
8 0.23515625 0.203125 0.0578125 0.0734375
63 0.234375 0.28046875 0.0609375 0.075
80 0.18125 0.31875 0.06015625 0.07578125
84 0.22890625 0.4390625 0.06015625 0.0796875
83 0.2828125 0.40078125 0.059375 0.0765625
7 0.33359375 0.440625 0.06015625 0.07734375
53 0.38828125 0.40234375 0.0609375 0.0765625
31 0.440625 0.3671875 0.059375 0.075
54 0.3859375 0.3265625 0.059375 0.07265625
52 0.4375 0.290625 0.0640625 0.07265625
73 0.38671875 0.25234375 0.059375 0.071875
50 0.33984375 0.20859375 0.06015625 0.07109375
57 0.3890625 0.17265625 0.0609375 0.075
24 0.43984375 0.13359375 0.059375 0.0765625
15 0.4921875 0.09609375 0.06015625 0.07421875
9 0.33046875 0.59921875 0.0625 0.0765625
38 0.2796875 0.63984375 0.0640625 0.078125
74 0.3328125 0.6796875 0.06328125 0.078125
0 0.38515625 0.6421875 0.06484375 0.07890625
53 0.4359375 0.603125 0.06328125 0.07890625
41 0.4890625 0.5671875 0.0609375 0.07734375
48 0.84453125 0.6828125 0.06171875 0.078125
1 0.89609375 0.6453125 0.06171875 0.07578125
15 0.84140625 0.1453125 0.06015625 0.07421875
20 0.79140625 0.18125 0.0609375 0.0734375