46 0.22734375 0.14296875 0.06328125 0.07578125
38 0.325 0.2203125 0.06015625 0.075
77 0.37734375 0.25703125 0.06015625 0.07890625
14 0.32421875 0.29453125 0.06015625 0.07421875
85 0.27421875 0.2546875 0.06171875 0.07421875
83 0.32265625 0.371875 0.0625 0.075
25 0.2671875 0.41015625 0.05859375 0.08203125
55 0.31953125 0.4515625 0.0578125 0.07578125
55 0.36875 0.49140625 0.059375 0.078125
51 0.11328125 0.45 0.0640625 0.0765625
28 0.1609375 0.56875 0.06328125 0.0765625
10 0.10625 0.60859375 0.06328125 0.07265625
22 0.1046875 0.69296875 0.06484375 0.078125
13 0.1578125 0.7328125 0.065625 0.084375
69 0.03984375 0.8203125 0.0640625 0.08359375
55 0.09375 0.865625 0.0609375 0.08515625
50 0.146875 0.90625 0.06484375 0.084375
47 0.20390625 0.86640625 0.06328125 0.08125
50 0.25546875 0.90859375 0.059375 0.08515625
49 0.3140625 0.77578125 0.06328125 0.08046875
7 0.315625 0.69296875 0.06640625 0.08125
54 0.4234375 0.78046875 0.06484375 0.0796875
54 0.421875 0.69921875 0.06484375 0.0796875
72 0.41875 0.61875 0.06015625 0.07890625
50 0.4734375 0.65703125 0.06015625 0.08125
3 0.52734375 0.61328125 0.06015625 0.0828125
72 0.5796875 0.5734375 0.0609375 0.0765625
66 0.63046875 0.6140625 0.0609375 0.0796875
41 0.68125 0.5765625 0.06171875 0.07890625
61 0.68359375 0.4984375 0.06328125 0.07578125
81 0.63828125 0.696875 0.0609375 0.08046875
85 0.63359375 0.77734375 0.0609375 0.0796875
4 0.634375 0.8625 0.06484375 0.08359375
55 0.7875 0.575 0.06171875 0.08046875
50 0.8421875 0.61796875 0.0625 0.07890625
53 0.8921875 0.5765625 0.05859375 0.07578125
49 0.88828125 0.496875 0.06171875 0.07734375
16 0.8828125 0.41796875 0.06015625 0.0734375