48 0.13515625 0.1109375 0.0640625 0.07421875
49 0.18984375 0.15390625 0.06484375 0.075
54 0.1375 0.1875 0.0640625 0.075
55 0.2390625 0.1921875 0.06484375 0.07578125
79 0.28828125 0.23515625 0.0640625 0.07578125
53 0.33828125 0.19296875 0.0640625 0.075
47 0.38828125 0.15703125 0.06328125 0.075
33 0.43828125 0.18828125 0.0640625 0.0765625
48 0.38671875 0.2328125 0.0640625 0.07578125
48 0.08046875 0.303125 0.06484375 0.078125
35 0.28203125 0.309375 0.06484375 0.075
55 0.3359375 0.2734375 0.06484375 0.07421875
70 0.38828125 0.31484375 0.0640625 0.07578125
52 0.3296875 0.3484375 0.06484375 0.075
52 0.4359375 0.353125 0.0640625 0.07578125
49 0.075 0.3828125 0.06640625 0.0765625
52 0.12578125 0.421875 0.0671875 0.07890625
54 0.38828125 0.39140625 0.06484375 0.07578125
54 0.43671875 0.43046875 0.06484375 0.07421875
54 0.334375 0.42265625 0.06484375 0.0765625
49 0.12265625 0.5015625 0.06640625 0.078125
49 0.38359375 0.46953125 0.065625 0.07578125
52 0.17265625 0.5453125 0.06640625 0.07734375
37 0.12109375 0.58828125 0.0671875 0.07890625
54 0.32890625 0.5078125 0.065625 0.0765625
51 0.428125 0.58515625 0.0640625 0.0796875
6 0.32890625 0.58671875 0.065625 0.0796875
50 0.3796875 0.62734375 0.065625 0.07890625
53 0.27734375 0.62109375 0.06484375 0.08046875
50 0.22421875 0.65859375 0.0671875 0.0796875
49 0.17578125 0.70546875 0.06796875 0.0796875
51 0.11640625 0.66640625 0.0671875 0.07890625
48 0.06328125 0.70546875 0.0671875 0.08359375
43 0.38359375 0.70703125 0.065625 0.08125
54 0.0609375 0.7859375 0.06796875 0.08125
47 0.11328125 0.83125 0.06796875 0.0828125
50 0.165625 0.871875 0.0671875 0.08203125
55 0.2234375 0.7484375 0.0671875 0.08046875
53 0.22109375 0.83046875 0.06640625 0.0828125
83 0.275 0.7890625 0.06640625 0.08125
53 0.328125 0.74921875 0.065625 0.0796875
50 0.43125 0.74921875 0.065625 0.08046875
32 0.48359375 0.70546875 0.06484375 0.08203125
55 0.6375 0.83125 0.065625 0.08046875
82 0.5875 0.78984375 0.06640625 0.07890625
55 0.53671875 0.74921875 0.065625 0.08125
45 0.5875 0.70859375 0.065625 0.08046875
75 0.6375 0.66875 0.06484375 0.078125
50 0.484375 0.54609375 0.06484375 0.078125
37 0.5875 0.62890625 0.06484375 0.08125
54 0.6390625 0.58984375 0.065625 0.07734375
54 0.6359375 0.51015625 0.06328125 0.0765625
53 0.5375 0.5109375 0.065625 0.07734375
51 0.5875 0.46875 0.0640625 0.075
37 0.64140625 0.43046875 0.0640625 0.07578125
82 0.640625 0.35234375 0.06328125 0.075
36 0.63984375 0.2734375 0.0625 0.075
42 0.58828125 0.31328125 0.0625 0.07734375
48 0.58515625 0.38828125 0.06328125 0.075
53 0.8421875 0.20234375 0.06171875 0.0734375
49 0.89140625 0.240625 0.0625 0.0734375
52 0.94140625 0.2796875 0.06328125 0.07421875
48 0.79140625 0.23984375 0.0625 0.07578125
37 0.6890625 0.315625 0.0625 0.07578125
51 0.79296875 0.315625 0.06328125 0.07421875
81 0.690625 0.39296875 0.0640625 0.0765625
51 0.94140625 0.35625 0.06328125 0.075
48 0.89140625 0.39296875 0.06328125 0.07578125
5 0.68984375 0.4734375 0.0640625 0.07578125
53 0.79140625 0.471875 0.0640625 0.07578125
44 0.84375 0.43515625 0.0640625 0.07734375
49 0.89453125 0.47265625 0.06484375 0.0765625
83 0.73984375 0.5125 0.0640625 0.0765625
51 0.84140625 0.51328125 0.0640625 0.078125
48 0.690625 0.55234375 0.0640625 0.07734375
64 0.7921875 0.55 0.06484375 0.07734375
48 0.89765625 0.55390625 0.0640625 0.08046875
51 0.94765625 0.58984375 0.06328125 0.08046875
51 0.6875 0.6296875 0.06484375 0.07890625
37 0.7421875 0.590625 0.06484375 0.07890625
56 0.84296875 0.59375 0.0640625 0.0796875
74 0.89921875 0.6328125 0.06484375 0.0765625
41 0.95078125 0.671875 0.06484375 0.078125
30 0.79609375 0.63515625 0.06484375 0.078125
51 0.7421875 0.6671875 0.06484375 0.0796875
49 0.84765625 0.67265625 0.06484375 0.078125
51 0.79609375 0.7125 0.06640625 0.078125
53 0.84609375 0.753125 0.065625 0.07890625
53 0.796875 0.79296875 0.0640625 0.0796875
48 0.74375 0.7515625 0.065625 0.08046875
49 0.6921875 0.79375 0.065625 0.08125
34 0.74296875 0.8359375 0.065625 0.08125
50 0.6921875 0.8734375 0.06640625 0.08046875