48 0.80625 0.190625 0.0609375 0.0734375
49 0.86015625 0.22578125 0.0625 0.0703125
35 0.91171875 0.2578125 0.0625 0.07109375
51 0.8125 0.265625 0.0640625 0.07265625
53 0.76328125 0.29921875 0.06328125 0.071875
48 0.66640625 0.38515625 0.06328125 0.07421875
54 0.91953125 0.334375 0.0640625 0.071875
54 0.92265625 0.41015625 0.06328125 0.075
47 0.875 0.4484375 0.06484375 0.07890625
43 0.671875 0.459375 0.06484375 0.0765625
48 0.62265625 0.5 0.065625 0.0765625
47 0.77421875 0.45546875 0.0671875 0.0765625
50 0.72578125 0.496875 0.06484375 0.07578125
50 0.82890625 0.49375 0.06640625 0.0765625
72 0.88203125 0.52890625 0.06640625 0.07890625
40 0.93515625 0.5640625 0.06328125 0.078125
54 0.890625 0.60625 0.065625 0.078125
53 0.83671875 0.57109375 0.0671875 0.07890625
53 0.7875 0.61328125 0.065625 0.08046875
50 0.846875 0.7375 0.0671875 0.08203125
47 0.79140625 0.69375 0.0671875 0.08203125
53 0.73515625 0.65703125 0.065625 0.0828125
50 0.740625 0.73984375 0.06796875 0.0828125
51 0.67890625 0.53828125 0.06484375 0.078125
44 0.625 0.58125 0.06640625 0.0796875
52 0.68046875 0.6234375 0.0671875 0.08125
47 0.628125 0.66328125 0.0671875 0.08125
53 0.62734375 0.7484375 0.06796875 0.08359375
55 0.5203125 0.6640625 0.06640625 0.08125
42 0.575 0.7 0.0671875 0.08359375
53 0.575 0.79609375 0.06640625 0.084375
48 0.521875 0.75390625 0.06796875 0.08359375
50 0.47265625 0.8828125 0.0671875 0.0859375
47 0.41953125 0.8453125 0.06875 0.08828125
50 0.3640625 0.8890625 0.0703125 0.08828125
51 0.35078125 0.796875 0.06796875 0.08671875
54 0.3609375 0.71328125 0.0671875 0.0828125
49 0.46953125 0.625 0.06796875 0.0796875
52 0.46640625 0.54609375 0.0640625 0.0796875
48 0.365625 0.55546875 0.065625 0.07734375
54 0.36484375 0.6328125 0.06796875 0.0796875
53 0.20625 0.6015625 0.06640625 0.08046875
52 0.2 0.6828125 0.06640625 0.0859375
49 0.20234375 0.76875 0.06875 0.08515625
48 0.03671875 0.81953125 0.0703125 0.084375
51 0.0921875 0.76953125 0.0703125 0.0828125
48 0.09609375 0.68828125 0.06796875 0.08046875
53 0.25625 0.5578125 0.06640625 0.078125
49 0.10078125 0.6046875 0.06796875 0.0859375
54 0.096875 0.5203125 0.0671875 0.07890625
53 0.30703125 0.5171875 0.06484375 0.07578125
47 0.359375 0.47734375 0.06484375 0.078125
52 0.409375 0.43359375 0.0640625 0.0765625
54 0.09921875 0.4390625 0.06640625 0.07578125
55 0.35859375 0.39765625 0.0640625 0.075
55 0.3125 0.35625 0.06484375 0.071875
54 0.10234375 0.3640625 0.065625 0.07265625
34 0.26328125 0.321875 0.0640625 0.07265625
55 0.2109375 0.28203125 0.0640625 0.07265625
47 0.159375 0.2484375 0.0640625 0.071875
49 0.05859375 0.25546875 0.06640625 0.0734375
48 0.1109375 0.21328125 0.06484375 0.07109375
48 0.05859375 0.1828125 0.06328125 0.07109375
51 0.159375 0.175 0.06328125 0.07109375
53 0.1078125 0.14296875 0.06328125 0.07109375