48 0.1296875 0.11328125 0.06484375 0.07578125
49 0.1765625 0.15234375 0.065625 0.075
54 0.12578125 0.1890625 0.0640625 0.0765625
53 0.1734375 0.2296875 0.065625 0.07578125
83 0.22734375 0.19296875 0.06484375 0.075
47 0.27890625 0.1609375 0.06484375 0.075
55 0.33203125 0.1984375 0.065625 0.078125
45 0.4359375 0.19921875 0.06484375 0.07578125
50 0.3859375 0.2375 0.06484375 0.0765625
54 0.4359375 0.275 0.0640625 0.07578125
52 0.27890625 0.2359375 0.06484375 0.07578125
48 0.07265625 0.3140625 0.06484375 0.078125
47 0.22890625 0.275 0.06484375 0.078125
47 0.3328125 0.27734375 0.06484375 0.0765625
34 0.28203125 0.3109375 0.0640625 0.07578125
52 0.38671875 0.315625 0.0640625 0.07734375
1 0.43359375 0.35546875 0.06484375 0.0734375
55 0.3296875 0.3515625 0.0640625 0.078125
79 0.17578125 0.30859375 0.06484375 0.07421875
30 0.37890625 0.39375 0.0640625 0.07734375
54 0.4296875 0.4296875 0.06328125 0.07578125
49 0.38125 0.46953125 0.0640625 0.0765625
50 0.22578125 0.35078125 0.0671875 0.0765625
54 0.175 0.384375 0.065625 0.07578125
54 0.07578125 0.390625 0.06640625 0.07578125
54 0.07421875 0.4671875 0.065625 0.078125
49 0.171875 0.46640625 0.06640625 0.078125
55 0.22421875 0.50625 0.065625 0.07890625
54 0.0734375 0.54765625 0.065625 0.078125
37 0.17109375 0.54765625 0.065625 0.07734375
54 0.06953125 0.628125 0.06640625 0.07890625
54 0.06484375 0.709375 0.0671875 0.078125
54 0.0640625 0.7890625 0.06796875 0.0796875
53 0.115625 0.828125 0.06640625 0.08046875
51 0.16796875 0.78828125 0.0671875 0.0796875
48 0.32578125 0.75 0.06484375 0.08125
32 0.37421875 0.70703125 0.06484375 0.078125
54 0.16953125 0.70546875 0.065625 0.08125
83 0.221875 0.5875 0.065625 0.078125
68 0.278125 0.5515625 0.06484375 0.07734375
50 0.271875 0.6296875 0.065625 0.0765625
23 0.32734375 0.5890625 0.06484375 0.07734375
40 0.37578125 0.62890625 0.06484375 0.07734375
51 0.3265625 0.50703125 0.0640625 0.0765625
48 0.38359375 0.5515625 0.0640625 0.0796875
50 0.48515625 0.55546875 0.06328125 0.08046875
47 0.4265625 0.66875 0.0640625 0.08125
7 0.4796875 0.71015625 0.06484375 0.07890625
47 0.5296875 0.671875 0.065625 0.07734375
39 0.53515625 0.5953125 0.0640625 0.0765625
33 0.58359375 0.71171875 0.0640625 0.07734375
49 0.634375 0.671875 0.06484375 0.07734375
55 0.63203125 0.753125 0.06484375 0.07890625
49 0.475 0.7859375 0.065625 0.07890625
47 0.634375 0.83984375 0.065625 0.07890625
50 0.5796875 0.87890625 0.065625 0.078125
72 0.73671875 0.67421875 0.0640625 0.08203125
82 0.73828125 0.75390625 0.06484375 0.07734375
59 0.68671875 0.796875 0.065625 0.08125
50 0.6859375 0.87734375 0.06484375 0.07890625
23 0.7375 0.8359375 0.06484375 0.08125
9 0.53515625 0.51796875 0.0640625 0.07578125
82 0.584375 0.55703125 0.06484375 0.078125
7 0.634375 0.59140625 0.06484375 0.078125
51 0.68515625 0.5578125 0.06484375 0.0796875
54 0.5859375 0.4765625 0.06328125 0.078125
44 0.6859375 0.48203125 0.0640625 0.0796875
84 0.68515625 0.403125 0.06328125 0.0765625
50 0.6359375 0.4421875 0.0640625 0.078125
73 0.5859375 0.3984375 0.0640625 0.078125
53 0.6359375 0.3609375 0.0640625 0.0765625
42 0.5875 0.31796875 0.06484375 0.07734375
36 0.68671875 0.33203125 0.06484375 0.07578125
38 0.8375 0.209375 0.0640625 0.078125
67 0.88828125 0.246875 0.0640625 0.07578125
43 0.9375 0.28828125 0.0640625 0.0765625
53 0.83671875 0.28671875 0.0640625 0.07734375
53 0.78671875 0.321875 0.0640625 0.07578125
48 0.7859375 0.47578125 0.0640625 0.07890625
35 0.8359375 0.4390625 0.0640625 0.078125
55 0.88671875 0.478125 0.0640625 0.08046875
54 0.790625 0.55078125 0.0640625 0.08046875
51 0.79140625 0.63046875 0.0640625 0.08203125
47 0.83828125 0.67890625 0.06640625 0.0796875
50 0.7875 0.71484375 0.06484375 0.07890625
50 0.790625 0.79765625 0.065625 0.07890625
50 0.7921875 0.87890625 0.065625 0.0796875
53 0.83828125 0.7578125 0.06484375 0.078125
47 0.84140625 0.84140625 0.065625 0.07890625
49 0.8921875 0.796875 0.065625 0.078125
41 0.94375 0.83984375 0.06640625 0.07890625
50 0.89453125 0.878125 0.06640625 0.07890625