49 0.84140625 0.26796875 0.059375 0.06484375
35 0.890625 0.29921875 0.06015625 0.06640625
54 0.8984375 0.36953125 0.06171875 0.06796875
54 0.9015625 0.440625 0.0609375 0.07109375
48 0.6546875 0.4109375 0.06171875 0.06953125
50 0.71171875 0.51796875 0.0625 0.07265625
47 0.7578125 0.48046875 0.0625 0.07421875
47 0.8578125 0.4765625 0.0625 0.07421875
50 0.8125 0.5171875 0.0625 0.07265625
72 0.86640625 0.54921875 0.0625 0.075
40 0.91640625 0.58828125 0.0625 0.07578125
54 0.87265625 0.62890625 0.06328125 0.0765625
50 0.83046875 0.7546875 0.065625 0.08125
53 0.81796875 0.59140625 0.0640625 0.07578125
53 0.771875 0.63203125 0.0640625 0.0796875
47 0.775 0.71015625 0.06484375 0.0796875
53 0.7203125 0.671875 0.0640625 0.0796875
50 0.72578125 0.75390625 0.065625 0.0828125
43 0.66015625 0.4796875 0.06328125 0.071875
47 0.61484375 0.675 0.06484375 0.07890625
53 0.61484375 0.7578125 0.06640625 0.0796875
42 0.5640625 0.709375 0.06484375 0.08203125
55 0.5109375 0.67265625 0.06328125 0.07890625
53 0.5625 0.803125 0.065625 0.0828125
48 0.5109375 0.759375 0.065625 0.08046875
52 0.4609375 0.55546875 0.06171875 0.075
49 0.4625 0.63203125 0.0640625 0.075
50 0.4609375 0.88671875 0.0671875 0.08515625
47 0.409375 0.846875 0.06796875 0.08671875
50 0.353125 0.8890625 0.0671875 0.08671875
51 0.34296875 0.79609375 0.065625 0.08671875
54 0.35546875 0.7140625 0.0640625 0.07734375
54 0.3609375 0.63671875 0.0640625 0.07578125
48 0.36328125 0.5625 0.0625 0.07421875
47 0.3609375 0.48828125 0.0625 0.075
53 0.309375 0.52421875 0.06171875 0.07265625
53 0.259375 0.56328125 0.0640625 0.075
53 0.21328125 0.6078125 0.06484375 0.0765625
49 0.109375 0.6015625 0.0640625 0.08203125
48 0.10078125 0.68203125 0.06484375 0.07890625
51 0.09375 0.76015625 0.065625 0.08203125
48 0.03671875 0.80859375 0.06875 0.0828125
54 0.10859375 0.52109375 0.0640625 0.075
54 0.11484375 0.44453125 0.06328125 0.071875
54 0.1203125 0.37578125 0.06015625 0.06875
34 0.27421875 0.34140625 0.0609375 0.06796875
55 0.22578125 0.303125 0.06015625 0.065625
47 0.178125 0.2703125 0.059375 0.06640625
49 0.08359375 0.2734375 0.06015625 0.06640625
48 0.13515625 0.2359375 0.059375 0.06484375
48 0.08671875 0.20859375 0.05859375 0.0640625
51 0.18125 0.20390625 0.059375 0.0640625
53 0.13515625 0.171875 0.059375 0.06328125