48 0.15546875 0.1234375 0.0609375 0.06875
49 0.20078125 0.1609375 0.0625 0.06875
54 0.15078125 0.1921875 0.0609375 0.06875
55 0.24765625 0.19609375 0.0609375 0.07109375
50 0.190625 0.2984375 0.06171875 0.07421875
47 0.24140625 0.26484375 0.0609375 0.075
32 0.29140625 0.30625 0.06171875 0.07421875
50 0.29453125 0.23671875 0.0609375 0.071875
47 0.390625 0.16171875 0.06015625 0.0703125
53 0.3421875 0.2 0.0609375 0.0703125
42 0.440625 0.20234375 0.06015625 0.0703125
54 0.43671875 0.275 0.0609375 0.071875
13 0.4328125 0.34609375 0.06171875 0.07109375
47 0.38515625 0.31171875 0.0609375 0.07109375
50 0.3359375 0.346875 0.0609375 0.07109375
48 0.1 0.2984375 0.0640625 0.071875
49 0.0890625 0.3703125 0.0640625 0.071875
54 0.14453125 0.33984375 0.06328125 0.07265625
48 0.2328125 0.34140625 0.0625 0.075
85 0.13984375 0.41171875 0.0640625 0.07265625
49 0.28671875 0.38359375 0.06328125 0.07265625
54 0.2375 0.41953125 0.06328125 0.075
41 0.33125 0.4234375 0.06328125 0.0734375
48 0.2828125 0.45859375 0.0640625 0.07265625
48 0.38671875 0.38359375 0.06171875 0.071875
49 0.38515625 0.45859375 0.06171875 0.07578125
54 0.13671875 0.49140625 0.0640625 0.07578125
52 0.1890625 0.45625 0.06328125 0.07421875
54 0.23515625 0.4953125 0.06328125 0.07421875
54 0.18359375 0.5296875 0.0640625 0.07578125
49 0.13046875 0.56640625 0.0640625 0.078125
53 0.38125 0.53125 0.0625 0.0765625
49 0.434375 0.57265625 0.0625 0.07890625
49 0.2859375 0.53203125 0.0640625 0.0734375
0 0.33203125 0.57109375 0.0625 0.07421875
51 0.234375 0.56953125 0.06328125 0.07421875
48 0.2828125 0.61015625 0.06328125 0.07734375
55 0.2296875 0.6484375 0.06484375 0.07578125
76 0.2765625 0.68984375 0.065625 0.0765625
48 0.33203125 0.7265625 0.06328125 0.07734375
49 0.27734375 0.76953125 0.06640625 0.08125
53 0.2265625 0.734375 0.065625 0.08046875
51 0.17734375 0.6921875 0.065625 0.07890625
53 0.1734375 0.77421875 0.0671875 0.07890625
53 0.12421875 0.73125 0.065625 0.0828125
48 0.06796875 0.7703125 0.06640625 0.08203125
53 0.11875 0.81171875 0.06484375 0.08125
53 0.38359375 0.69140625 0.06328125 0.07734375
47 0.43203125 0.653125 0.0640625 0.0765625
50 0.4828125 0.53359375 0.06171875 0.07421875
43 0.5359375 0.50078125 0.06171875 0.0734375
49 0.5359375 0.5765625 0.06171875 0.07421875
55 0.58359375 0.5359375 0.06171875 0.0734375
55 0.484375 0.61640625 0.06328125 0.0765625
7 0.4828125 0.696875 0.0640625 0.078125
49 0.48203125 0.778125 0.06484375 0.08046875
54 0.53125 0.7359375 0.0640625 0.07734375
71 0.5328125 0.653125 0.0625 0.07734375
53 0.5859375 0.7734375 0.0640625 0.078125
20 0.5859375 0.69609375 0.0640625 0.075
55 0.584375 0.615625 0.0625 0.07578125
53 0.584375 0.459375 0.06171875 0.07265625
49 0.63515625 0.81484375 0.0640625 0.0796875
50 0.684375 0.85625 0.0640625 0.0796875
34 0.73359375 0.8203125 0.0640625 0.0796875
62 0.6359375 0.7375 0.0640625 0.0796875
55 0.7328125 0.7421875 0.0625 0.07890625
60 0.7859375 0.7765625 0.0640625 0.078125
82 0.63515625 0.65 0.06328125 0.078125
7 0.63125 0.57421875 0.0625 0.0734375
51 0.67890625 0.5421875 0.0625 0.0734375
37 0.684375 0.615625 0.0625 0.075
50 0.73515625 0.6578125 0.06328125 0.0765625
47 0.784375 0.61953125 0.0625 0.0765625
54 0.88203125 0.61953125 0.0625 0.07421875
71 0.83515625 0.65859375 0.06171875 0.078125
48 0.7859375 0.69921875 0.06328125 0.0765625
51 0.83515625 0.7375 0.0640625 0.08046875
54 0.878125 0.54609375 0.06171875 0.0734375
85 0.875 0.4734375 0.06015625 0.071875
51 0.91484375 0.365625 0.06015625 0.071875
48 0.8734375 0.40390625 0.06015625 0.071875
35 0.8265625 0.4328125 0.0609375 0.0734375
53 0.7796875 0.46484375 0.06171875 0.07265625
50 0.73125 0.503125 0.0625 0.07421875
44 0.68203125 0.46015625 0.0609375 0.07265625
53 0.62890625 0.421875 0.0609375 0.071875
26 0.68125 0.3890625 0.0609375 0.0703125
55 0.63359375 0.35234375 0.06015625 0.071875
55 0.6796875 0.31875 0.0609375 0.071875
47 0.634375 0.28125 0.059375 0.06953125
33 0.5875 0.3125 0.0609375 0.07109375
53 0.7765625 0.31953125 0.059375 0.06953125
51 0.82109375 0.28046875 0.06015625 0.06953125
48 0.81953125 0.21015625 0.05859375 0.06875
49 0.86953125 0.25 0.059375 0.06953125
45 0.9171875 0.28828125 0.059375 0.0703125