35 0.89296875 0.27109375 0.06171875 0.06953125
49 0.84296875 0.240625 0.0609375 0.06875
48 0.65390625 0.39609375 0.06171875 0.07109375
43 0.66015625 0.46640625 0.0625 0.071875
47 0.85546875 0.45625 0.0625 0.0765625
50 0.81171875 0.49921875 0.0625 0.07421875
48 0.8671875 0.5328125 0.06015625 0.078125
53 0.81875 0.5734375 0.06328125 0.07578125
54 0.8703125 0.61328125 0.0640625 0.075
53 0.771875 0.61484375 0.0640625 0.078125
50 0.83046875 0.73515625 0.06484375 0.07890625
47 0.77578125 0.69296875 0.06328125 0.0765625
53 0.7203125 0.6578125 0.06328125 0.08046875
50 0.7265625 0.73828125 0.0640625 0.07890625
47 0.6171875 0.6640625 0.0640625 0.07734375
42 0.5671875 0.7 0.0640625 0.0796875
53 0.6171875 0.74609375 0.0640625 0.0796875
53 0.56640625 0.7921875 0.06484375 0.08125
48 0.515625 0.7515625 0.06484375 0.0796875
50 0.46875 0.8765625 0.0671875 0.08359375
47 0.4171875 0.840625 0.0671875 0.08359375
50 0.3640625 0.88203125 0.0671875 0.0828125
51 0.35078125 0.79296875 0.065625 0.0828125
54 0.3609375 0.7140625 0.065625 0.0796875
54 0.36484375 0.6359375 0.06484375 0.07578125
55 0.5140625 0.665625 0.0640625 0.078125
49 0.46484375 0.628125 0.06484375 0.07578125
52 0.46171875 0.5515625 0.06328125 0.0765625
48 0.36484375 0.56171875 0.06328125 0.0734375
47 0.359375 0.48671875 0.06171875 0.0765625
53 0.31015625 0.52578125 0.0625 0.07421875
53 0.26015625 0.565625 0.0625 0.075
53 0.21640625 0.6125 0.06328125 0.0765625
48 0.05078125 0.8171875 0.06796875 0.08203125
51 0.10390625 0.76875 0.065625 0.0796875
48 0.1078125 0.690625 0.0640625 0.078125
49 0.1125 0.6109375 0.06484375 0.0828125
54 0.10859375 0.52890625 0.06328125 0.075
54 0.1109375 0.4515625 0.0625 0.07109375
54 0.11328125 0.38046875 0.0625 0.0703125
49 0.07109375 0.275 0.0640625 0.06875
47 0.16796875 0.26875 0.0609375 0.06875
48 0.121875 0.23515625 0.0609375 0.06875
48 0.07265625 0.2078125 0.06171875 0.06796875
51 0.16796875 0.19921875 0.06015625 0.0671875
53 0.1203125 0.16796875 0.059375 0.06796875
55 0.2171875 0.30078125 0.0609375 0.0703125
34 0.2671875 0.33984375 0.0609375 0.0703125