48 0.140625 0.13515625 0.06796875 0.07890625
54 0.1375 0.2109375 0.07109375 0.07421875
47 0.18671875 0.25703125 0.0625 0.07578125
55 0.23828125 0.2875 0.06171875 0.08125
49 0.13984375 0.36953125 0.06484375 0.08125
52 0.19609375 0.4109375 0.06171875 0.07265625
54 0.190625 0.48984375 0.06640625 0.075
54 0.1859375 0.565625 0.0671875 0.07890625
54 0.43984375 0.303125 0.0640625 0.075
54 0.4484375 0.45078125 0.0640625 0.07265625
53 0.3890625 0.6421875 0.0625 0.07265625
54 0.346875 0.75703125 0.06171875 0.07734375
53 0.59453125 0.79296875 0.06484375 0.08125
53 0.63828125 0.75625 0.06171875 0.0828125
53 0.828125 0.23046875 0.05859375 0.07421875
53 0.69140625 0.41875 0.05859375 0.07421875
48 0.78359375 0.2671875 0.05859375 0.06953125
51 0.784375 0.340625 0.06171875 0.07109375
48 0.63828125 0.45234375 0.06015625 0.07734375
54 0.63515625 0.528125 0.0640625 0.07421875
52 0.690625 0.65078125 0.06015625 0.07421875
48 0.3390625 0.68125 0.065625 0.07421875
51 0.4375 0.60390625 0.06015625 0.07890625
50 0.184375 0.87734375 0.0671875 0.084375
47 0.2375 0.840625 0.06640625 0.09375
50 0.28828125 0.8765625 0.0625 0.090625
16 0.4421875 0.2203125 0.0625 0.0796875
34 0.44140625 0.37734375 0.0640625 0.071875
44 0.63515625 0.60390625 0.0625 0.07421875
46 0.2453125 0.1359375 0.06640625 0.08046875