48 0.12265625 0.11875 0.06875 0.07734375
54 0.11875 0.19453125 0.071875 0.0796875
47 0.16875 0.23984375 0.06171875 0.07734375
55 0.22265625 0.27421875 0.0609375 0.07890625
55 0.32578125 0.36484375 0.06640625 0.07890625
50 0.38359375 0.4 0.0640625 0.09296875
54 0.43125 0.28984375 0.06953125 0.0765625
16 0.43203125 0.20234375 0.0671875 0.0796875
34 0.44296875 0.36640625 0.06875 0.07578125
49 0.11953125 0.3578125 0.06484375 0.08203125
52 0.1765625 0.396875 0.065625 0.07734375
54 0.1734375 0.48203125 0.07265625 0.07734375
54 0.1703125 0.56015625 0.0796875 0.078125
50 0.165625 0.88359375 0.0671875 0.090625
47 0.215625 0.840625 0.0671875 0.0890625
50 0.271875 0.88515625 0.06796875 0.08515625
54 0.3328125 0.7609375 0.0671875 0.08125
48 0.32421875 0.68359375 0.065625 0.0765625
53 0.3765625 0.64140625 0.065625 0.07890625
51 0.4296875 0.59921875 0.06484375 0.07890625
54 0.4375 0.446875 0.06484375 0.075
42 0.27421875 0.31796875 0.0640625 0.07890625
53 0.8390625 0.20859375 0.059375 0.07421875
48 0.79296875 0.25 0.06171875 0.07578125
51 0.79375 0.32578125 0.065625 0.07421875
53 0.69609375 0.4078125 0.06328125 0.0765625
48 0.6390625 0.44296875 0.0640625 0.07734375
54 0.6359375 0.525 0.06875 0.07890625
44 0.63828125 0.60703125 0.06328125 0.08203125
52 0.69609375 0.65234375 0.06875 0.0765625
53 0.6390625 0.7609375 0.06484375 0.07890625
53 0.59296875 0.80546875 0.0640625 0.090625
46 0.23125 0.11640625 0.0703125 0.0828125