48 0.11171875 0.1140625 0.07109375 0.084375
46 0.22578125 0.11640625 0.0734375 0.08828125
54 0.11640625 0.196875 0.0703125 0.0765625
49 0.1109375 0.3671875 0.06953125 0.08515625
52 0.16953125 0.409375 0.06875 0.08046875
54 0.16484375 0.496875 0.06640625 0.0796875
54 0.1625 0.5765625 0.0703125 0.0828125
16 0.43671875 0.2109375 0.0640625 0.08203125
54 0.43671875 0.30234375 0.0640625 0.08359375
34 0.434375 0.38125 0.06484375 0.07734375
51 0.4296875 0.62265625 0.06484375 0.07890625
53 0.3765625 0.6640625 0.065625 0.0796875
48 0.325 0.70390625 0.06640625 0.08046875
54 0.33046875 0.78359375 0.06484375 0.0796875
53 0.590625 0.82578125 0.06171875 0.0765625
53 0.6390625 0.7859375 0.06171875 0.0796875
52 0.69609375 0.67890625 0.06171875 0.078125
44 0.64140625 0.628125 0.06484375 0.0796875
54 0.6421875 0.5484375 0.06171875 0.07734375
48 0.64453125 0.46484375 0.06484375 0.08046875
53 0.70234375 0.4296875 0.0609375 0.0765625
51 0.8015625 0.35 0.06328125 0.07734375
48 0.803125 0.27109375 0.06328125 0.078125
53 0.85234375 0.23125 0.06171875 0.0734375
54 0.440625 0.4625 0.06328125 0.078125