54 0.0390625 0.83984375 0.07578125 0.090625
47 0.1015625 0.89140625 0.07421875 0.09296875
50 0.16015625 0.9265625 0.0734375 0.0921875
48 0.04140625 0.74765625 0.07421875 0.08671875
47 0.2171875 0.878125 0.0734375 0.08984375
50 0.27578125 0.92265625 0.0734375 0.08984375
55 0.27578125 0.8296875 0.07421875 0.090625
55 0.2203125 0.78046875 0.071875 0.0890625
49 0.159375 0.75078125 0.07421875 0.09140625
53 0.10078125 0.69765625 0.07421875 0.08828125
54 0.34140625 0.77734375 0.071875 0.08828125
48 0.33125 0.6921875 0.0703125 0.08671875
54 0.1609375 0.5703125 0.071875 0.08359375
54 0.1640625 0.48828125 0.07109375 0.08203125
53 0.3859375 0.6484375 0.07109375 0.084375
51 0.44140625 0.59921875 0.06953125 0.08359375
54 0.4453125 0.4390625 0.06796875 0.07890625
52 0.16953125 0.40078125 0.06875 0.08046875
49 0.109375 0.36171875 0.0703125 0.0859375
50 0.3859375 0.396875 0.0671875 0.08203125
34 0.44765625 0.35546875 0.06640625 0.07734375
54 0.4453125 0.2765625 0.065625 0.078125
16 0.434375 0.190625 0.06640625 0.0734375
55 0.39296875 0.31640625 0.0671875 0.07734375
47 0.33125 0.27421875 0.06640625 0.07734375
55 0.33125 0.359375 0.06796875 0.07734375
42 0.27109375 0.3125 0.06796875 0.07890625
55 0.215625 0.27265625 0.06875 0.07734375
47 0.1609375 0.23984375 0.0671875 0.078125
48 0.11171875 0.11875 0.06796875 0.07578125
54 0.1109375 0.19453125 0.06796875 0.07578125
53 0.61796875 0.80859375 0.06953125 0.08671875
53 0.665625 0.7578125 0.06953125 0.08515625
49 0.72890625 0.8046875 0.06796875 0.0875
43 0.78125 0.85234375 0.06875 0.08515625
50 0.88515625 0.74765625 0.0671875 0.0828125
55 0.8265625 0.71875 0.0671875 0.084375
47 0.77578125 0.67421875 0.0671875 0.08359375
52 0.71875 0.640625 0.06796875 0.0796875
44 0.659375 0.59375 0.06796875 0.08125
54 0.65703125 0.51328125 0.0671875 0.07890625
48 0.65546875 0.42578125 0.0671875 0.07734375
53 0.709375 0.38828125 0.065625 0.078125
51 0.80625 0.3015625 0.06484375 0.075
48 0.8015625 0.22578125 0.06484375 0.075
53 0.84609375 0.18515625 0.0625 0.0765625
49 0.90078125 0.22578125 0.06328125 0.0734375
33 0.95234375 0.25625 0.0625 0.07421875