46 0.2171875 0.11796875 0.06484375 0.08125
8 0.36953125 0.0796875 0.0625 0.07578125
24 0.315625 0.1171875 0.0578125 0.07265625
19 0.31875 0.19609375 0.0625 0.07578125
80 0.26484375 0.2328125 0.059375 0.075
81 0.36796875 0.3171875 0.06171875 0.075
85 0.365625 0.39453125 0.0625 0.075
49 0.21328125 0.3515625 0.0609375 0.078125
85 0.2140625 0.428125 0.0609375 0.0734375
70 0.1625 0.3875 0.05859375 0.0734375
54 0.1625 0.465625 0.0625 0.075
27 0.15859375 0.546875 0.06015625 0.07578125
12 0.059375 0.3921875 0.0640625 0.07734375
49 0.0578125 0.46796875 0.06328125 0.0734375
21 0.05625 0.54453125 0.0640625 0.075
6 0.05390625 0.62421875 0.05859375 0.075
54 0.1046875 0.66640625 0.059375 0.07734375
53 0.309375 0.66953125 0.05859375 0.0765625
53 0.36484375 0.63125 0.059375 0.0796875
47 0.56796875 0.79140625 0.0609375 0.07890625
36 0.6703125 0.79609375 0.06171875 0.07734375
59 0.6703125 0.8734375 0.0640625 0.07734375
54 0.6203125 0.678125 0.0609375 0.07578125
72 0.62109375 0.59921875 0.05859375 0.07578125
65 0.67265625 0.6375 0.06015625 0.07578125
40 0.7234375 0.6 0.05703125 0.0765625
5 0.6703125 0.55859375 0.06171875 0.07421875
1 0.775 0.6359375 0.059375 0.07734375
51 0.7734375 0.5578125 0.06484375 0.07578125
73 0.77734375 0.1671875 0.06015625 0.0734375
15 0.8296875 0.13203125 0.059375 0.075