47 0.09609375 0.871875 0.06875 0.08671875
50 0.15078125 0.90703125 0.0671875 0.08125
47 0.20390625 0.86640625 0.06875 0.08203125
50 0.2578125 0.9078125 0.06796875 0.0828125
55 0.2578125 0.82421875 0.0671875 0.08046875
55 0.20546875 0.78046875 0.06875 0.08125
49 0.14765625 0.746875 0.06875 0.0828125
54 0.15 0.57734375 0.06875 0.078125
54 0.3203125 0.7796875 0.0671875 0.07890625
48 0.31171875 0.7 0.0671875 0.08125
53 0.3640625 0.6609375 0.0671875 0.0796875
51 0.4171875 0.61796875 0.06640625 0.07890625
54 0.425 0.4625 0.06484375 0.0765625
50 0.36796875 0.415625 0.06484375 0.08203125
34 0.4296875 0.38046875 0.065625 0.078125
54 0.42578125 0.30234375 0.0640625 0.07734375
55 0.3734375 0.3375 0.065625 0.08046875
55 0.3109375 0.37734375 0.06640625 0.07734375
47 0.321875 0.2984375 0.06484375 0.07890625
42 0.25703125 0.33046875 0.06796875 0.07890625
16 0.41953125 0.2125 0.065625 0.07734375
54 0.153125 0.4984375 0.06796875 0.0796875
52 0.15859375 0.4140625 0.06953125 0.0796875
49 0.1 0.37109375 0.0671875 0.08359375
55 0.20390625 0.2875 0.0640625 0.07890625
47 0.14921875 0.25234375 0.06640625 0.078125
54 0.09921875 0.203125 0.0671875 0.078125
48 0.1 0.125 0.0671875 0.08046875
43 0.73046875 0.86640625 0.06484375 0.078125
49 0.68359375 0.82109375 0.065625 0.0796875
53 0.57890625 0.81953125 0.065625 0.0796875
53 0.62578125 0.77578125 0.065625 0.08046875
50 0.83359375 0.77421875 0.0640625 0.078125
55 0.7828125 0.73984375 0.0640625 0.0796875
47 0.734375 0.7 0.06328125 0.0796875
52 0.68203125 0.6671875 0.06484375 0.07734375
44 0.62734375 0.62109375 0.065625 0.078125
54 0.62734375 0.54296875 0.06484375 0.078125
48 0.62890625 0.4578125 0.065625 0.07734375
53 0.68359375 0.42265625 0.06484375 0.07578125
51 0.78359375 0.33984375 0.0640625 0.07578125
48 0.78359375 0.2640625 0.0625 0.07578125
53 0.83046875 0.22265625 0.0625 0.07578125