48 0.1265625 0.13125 0.0578125 0.07421875
54 0.1234375 0.20625 0.0625 0.075
78 0.22421875 0.2078125 0.0578125 0.0765625
61 0.22421875 0.2828125 0.0625 0.0765625
55 0.275 0.24765625 0.0609375 0.0734375
53 0.378125 0.16640625 0.05859375 0.075
48 0.3265625 0.20546875 0.05703125 0.07734375
70 0.32890625 0.2875 0.06171875 0.0765625
52 0.38125 0.32734375 0.06171875 0.07265625
85 0.3765625 0.409375 0.05703125 0.071875
75 0.37734375 0.4875 0.06015625 0.07421875
49 0.43046875 0.6109375 0.06328125 0.0796875
11 0.0625 0.4828125 0.06171875 0.075
55 0.16875 0.490625 0.0609375 0.07578125
48 0.1703125 0.56953125 0.06171875 0.0765625
0 0.22109375 0.5203125 0.06328125 0.07890625
36 0.27578125 0.48359375 0.06328125 0.07734375
9 0.21796875 0.69140625 0.0640625 0.078125
17 0.1140625 0.77734375 0.06015625 0.08125
83 0.16484375 0.81796875 0.06328125 0.07734375
50 0.21796875 0.85546875 0.06484375 0.07734375
47 0.27421875 0.8171875 0.06484375 0.07734375
55 0.484375 0.64375 0.06171875 0.07734375
52 0.53828125 0.68984375 0.0609375 0.07578125
6 0.53671875 0.7734375 0.06328125 0.07734375
1 0.64296875 0.690625 0.06015625 0.07890625
66 0.64375 0.60859375 0.0625 0.07890625
37 0.64296875 0.52890625 0.06171875 0.0765625
55 0.69765625 0.56953125 0.0625 0.075
55 0.75 0.61171875 0.0625 0.075
55 0.8015625 0.65078125 0.0625 0.07578125
55 0.85234375 0.6859375 0.0609375 0.07734375
16 0.640625 0.2109375 0.06484375 0.07421875
54 0.6390625 0.2890625 0.0609375 0.0734375
49 0.6421875 0.365625 0.06171875 0.07421875
50 0.69140625 0.40703125 0.06328125 0.0734375
46 0.22734375 0.13046875 0.06640625 0.0765625
21 0.21484375 0.7734375 0.0640625 0.07890625
23 0.1140625 0.525 0.06171875 0.078125
27 0.1171875 0.44609375 0.06328125 0.08046875