49 0.41171875 0.58984375 0.065625 0.0796875
55 0.46796875 0.6265625 0.0625 0.08125
50 0.52109375 0.671875 0.0640625 0.07734375
54 0.57578125 0.54609375 0.06171875 0.07734375
63 0.57265625 0.63046875 0.06171875 0.07734375
49 0.5734375 0.71796875 0.0640625 0.0796875
48 0.63046875 0.59140625 0.06484375 0.078125
40 0.6296875 0.67734375 0.06171875 0.07578125
50 0.63125 0.7609375 0.06328125 0.078125
48 0.5765625 0.46484375 0.06171875 0.07578125
53 0.6296875 0.42734375 0.0640625 0.0765625
53 0.6859375 0.3921875 0.06796875 0.07265625
46 0.215625 0.103125 0.0671875 0.07734375