46 0.21953125 0.14140625 0.06640625 0.075
52 0.115625 0.1421875 0.0609375 0.07265625
55 0.11640625 0.215625 0.06328125 0.0703125
82 0.2171875 0.21484375 0.06015625 0.07265625
59 0.21484375 0.290625 0.0609375 0.07421875
53 0.26796875 0.253125 0.0578125 0.0734375
52 0.31640625 0.2171875 0.06015625 0.07421875
54 0.3640625 0.17265625 0.0609375 0.07265625
68 0.315625 0.2921875 0.06015625 0.0765625
50 0.3640625 0.32734375 0.06328125 0.07421875
83 0.365625 0.4015625 0.0609375 0.07265625
73 0.3640625 0.47578125 0.0625 0.075
40 0.26484375 0.4828125 0.06328125 0.075
4 0.21484375 0.52109375 0.06015625 0.0765625
52 0.16171875 0.56171875 0.06328125 0.075
53 0.16328125 0.48359375 0.0625 0.07578125
21 0.10859375 0.5203125 0.0609375 0.07578125
9 0.05859375 0.4828125 0.06328125 0.07578125
31 0.11328125 0.44453125 0.06171875 0.0734375
13 0.21015625 0.68046875 0.06484375 0.0765625
25 0.2078125 0.7578125 0.06484375 0.0765625
51 0.26328125 0.8 0.0640625 0.07890625
48 0.209375 0.84609375 0.0640625 0.0796875
84 0.1546875 0.80390625 0.06328125 0.07734375
15 0.103125 0.76328125 0.0625 0.07734375
47 0.4171875 0.5984375 0.06171875 0.07421875
53 0.47109375 0.6390625 0.059375 0.075
50 0.51953125 0.68046875 0.06328125 0.075
6 0.51953125 0.75859375 0.0640625 0.078125
5 0.62265625 0.6765625 0.0625 0.07578125
65 0.621875 0.596875 0.06484375 0.0796875
41 0.6171875 0.51875 0.0609375 0.07421875
53 0.67421875 0.5625 0.0609375 0.078125
53 0.77578125 0.63359375 0.05859375 0.078125
53 0.72578125 0.59609375 0.06171875 0.075
53 0.82734375 0.6765625 0.0625 0.0765625
55 0.61640625 0.28828125 0.06171875 0.0734375
14 0.6140625 0.2125 0.06015625 0.07109375
47 0.61484375 0.3625 0.0609375 0.07109375
48 0.66796875 0.40078125 0.06171875 0.0765625