48 0.1453125 0.1375 0.0609375 0.07265625
54 0.14296875 0.2078125 0.06015625 0.0671875
47 0.18984375 0.25 0.05703125 0.071875
55 0.23828125 0.28203125 0.05625 0.07109375
49 0.14296875 0.359375 0.06015625 0.07421875
52 0.19609375 0.396875 0.0609375 0.07109375
54 0.19140625 0.4734375 0.0609375 0.0703125
54 0.18828125 0.54609375 0.0609375 0.0765625
54 0.34296875 0.7328125 0.06015625 0.0734375
48 0.33671875 0.65859375 0.0609375 0.07265625
53 0.384375 0.621875 0.0609375 0.075
51 0.4328125 0.5828125 0.05859375 0.075
54 0.440625 0.43828125 0.05859375 0.0734375
34 0.434375 0.36640625 0.059375 0.0734375
54 0.43515625 0.2953125 0.05625 0.07109375
16 0.43515625 0.21484375 0.06015625 0.0734375
46 0.246875 0.1375 0.06171875 0.07109375
53 0.58359375 0.76640625 0.059375 0.075
53 0.62734375 0.72890625 0.05625 0.07265625
52 0.67578125 0.62734375 0.0578125 0.06640625
44 0.62578125 0.584375 0.0578125 0.07421875
54 0.625 0.5109375 0.05859375 0.0703125
48 0.625 0.43671875 0.0578125 0.0703125
53 0.675 0.4046875 0.0578125 0.0671875
51 0.7640625 0.33046875 0.05625 0.06953125
48 0.7625 0.2609375 0.05546875 0.065625
53 0.8046875 0.22421875 0.05390625 0.06796875