54 0.15234375 0.4875 0.065625 0.0796875
54 0.15078125 0.5671875 0.0671875 0.07578125
54 0.103125 0.1953125 0.0671875 0.08203125
54 0.32109375 0.7671875 0.06875 0.08046875
48 0.1 0.11484375 0.06796875 0.0796875
48 0.3140625 0.6875 0.0671875 0.0828125
48 0.78203125 0.2421875 0.06171875 0.0765625
53 0.58359375 0.7984375 0.0640625 0.08359375
53 0.63203125 0.75859375 0.06640625 0.07890625
53 0.82890625 0.1984375 0.0578125 0.0796875
53 0.3640625 0.64609375 0.06640625 0.08203125
52 0.1578125 0.4015625 0.0671875 0.08125
52 0.68125 0.640625 0.0640625 0.07734375
51 0.4171875 0.60390625 0.06484375 0.07265625
51 0.7796875 0.31796875 0.06484375 0.0796875
49 0.096875 0.36015625 0.06484375 0.0796875
17 0.6296875 0.60078125 0.0640625 0.07890625
34 0.41875 0.36015625 0.06640625 0.078125